,red_Mean_NN,red_Median_NN,red_Heart_Rate,red_Mean_HR,red_SDNN,red_SDSD,red_RMSSD,red_NN_Count,red_SD1,red_SD2,red_SD1_SD2,infrared_Mean_NN,infrared_Median_NN,infrared_Heart_Rate,infrared_Mean_HR,infrared_SDNN,infrared_SDSD,infrared_RMSSD,infrared_NN_Count,infrared_SD1,infrared_SD2,infrared_SD1_SD2,ppg0_Mean_NN,ppg0_Median_NN,ppg0_Heart_Rate,ppg0_Mean_HR,ppg0_SDNN,ppg0_SDSD,ppg0_RMSSD,ppg0_NN_Count,ppg0_SD1,ppg0_SD2,ppg0_SD1_SD2,ppg1_Mean_NN,ppg1_Median_NN,ppg1_Heart_Rate,ppg1_Mean_HR,ppg1_SDNN,ppg1_SDSD,ppg1_RMSSD,ppg1_NN_Count,ppg1_SD1,ppg1_SD2,ppg1_SD1_SD2,ppg2_Mean_NN,ppg2_Median_NN,ppg2_Heart_Rate,ppg2_Mean_HR,ppg2_SDNN,ppg2_SDSD,ppg2_RMSSD,ppg2_NN_Count,ppg2_SD1,ppg2_SD2,ppg2_SD1_SD2
red_Mean_NN,1.0,0.7618780385195536,-0.020730122788168725,-0.37374714114537705,0.8598235670736522,0.8502019540562215,0.849680378889883,-0.9858345174086638,0.8502019540562218,0.8558501770818805,-0.055319758329448236,0.6347687054865855,0.24477674306224015,0.02359036468772498,0.2644614837310732,0.6552747164129813,0.6557492399804846,0.6556578467767016,-0.6434242860219657,0.6557492399804835,0.6515434428657082,0.10926088438970064,-0.24693921687932716,-0.04199557158985378,0.05785618812362306,0.37687314146345496,-0.06958781391485573,-0.06982725585284943,-0.06971930096825708,0.25928198905672883,-0.06982725585284984,-0.06933829603875265,0.037328575482064114,-0.30268112046906814,-0.18584439724493454,0.05098495400309206,0.3816919627107718,-0.12274788937073879,-0.12443795212344066,-0.12434557876560659,0.2935467888867242,-0.12443795212344125,-0.12159952500050453,0.025767781695515,-0.17868405308179242,-0.09291080038494329,0.07573108613652095,0.3811290856660058,-0.0687344552150069,-0.06696893444806407,-0.06698503205003399,0.2534118716083597,-0.0669689344480644,-0.06899027942482548,0.08728470929443011
red_Median_NN,0.7618780385195536,1.0,-0.04727811998649111,-0.5526693183486878,0.45056407706287993,0.4616422476528872,0.4610717540922748,-0.7916021239668417,0.46164224765288786,0.44316091124980295,0.06508055537337241,0.5358471453759546,0.4731802651536291,-0.0183961778716245,-0.03931412239782898,0.39682814824100415,0.3820329816171591,0.3817726911033912,-0.5577422495382441,0.38203298161715743,0.3994650403779382,-0.030759989449563048,-0.21148980290459435,-0.06008248321792371,0.007693818578036907,0.3036313747235998,-0.07603801451393234,-0.0873143795933558,-0.0872697770215804,0.23180676214887663,-0.08731437959335626,-0.07256634926665131,-0.0525137094696168,-0.3544394025218045,-0.24967446891801595,0.07761210482633456,0.424785016709653,-0.16827798170940828,-0.18046435909975658,-0.18044777899003578,0.3754947189549853,-0.18046435909975705,-0.1640714550816741,-0.03198884912858426,-0.14011957500164487,-0.08299249568369493,0.025885974668253868,0.28174653515260256,-0.06382911367032197,-0.06273969917135525,-0.06275959129700216,0.19924502589631524,-0.06273969917135555,-0.0638528632438236,-0.0026834556049930526
red_Heart_Rate,-0.020730122788168725,-0.04727811998649111,1.0,0.10793433597533768,0.02911346272421865,0.028786164817766413,0.028873989788523097,0.020262672206571925,0.028786164817766354,0.029119196898887725,0.008218451499145267,-0.0072253378113809625,-0.03372974757615081,0.08298344152596132,0.029198743599472922,0.022279130807388827,0.019296685553612837,0.019346069135192802,0.007115168022000702,0.019296685553612757,0.02334831017139539,-0.0354944171700254,0.01658702163274058,-0.01827673557430944,0.04247662157585491,-0.0052334639722358455,0.022091655698835817,0.018601336010101662,0.018593383271667048,-0.0031852815588032744,0.01860133601010165,0.02302257144731847,-0.01819260667528448,0.01904287082196818,-0.016849692593033764,0.031371206982449974,-0.006491774953139304,0.02600974397343869,0.0168769921067757,0.016857684290388995,-0.014102875146136786,0.016876992106775703,0.028260494745952023,-0.03866035729952266,0.018505941969014086,0.01830672907999591,0.006243330517510813,0.006604994017595598,0.03271558492827848,0.0289535449473783,0.029120731910077045,-0.00931421215493704,0.0289535449473783,0.03343254347109614,0.008352223121244695
red_Mean_HR,-0.37374714114537705,-0.5526693183486878,0.10793433597533768,1.0,0.0992328865792397,0.082989963355623,0.08390204739503893,0.37626278030591637,0.08298996335562221,0.1034048644863659,-0.07198376696966684,-0.008121895195365493,-0.27241650540618434,0.07474909101913714,0.37703854874359194,0.16458894796582624,0.15452751826661465,0.15466391427794612,0.028800918667212166,0.1545275182666152,0.1670222065158095,-0.04743161414251157,-0.05501622135093456,0.047383248297273826,-0.00895012074812888,-0.008866812390211557,-0.06706150575870219,-0.051421399919820504,-0.05130765389580645,0.04507826193002598,-0.051421399919820754,-0.07127073285216577,0.08003629087863874,0.08145528640999633,0.11810386262869735,0.014941788101682325,-0.16285824332920507,-0.022721897972231772,0.012830169183426188,0.012935238388946118,-0.1102519689042334,0.01283016918342651,-0.03197983962743324,0.1793431132572464,-0.049297598350058834,0.0037771493288172586,0.05134881124560443,-0.004860449957509235,-0.05877467814764615,-0.05317571862619349,-0.0532356342898357,0.046319065209476325,-0.05317571862619326,-0.0599534282893009,0.09545822232257146
red_SDNN,0.8598235670736522,0.45056407706287993,0.02911346272421865,0.0992328865792397,1.0,0.9798558830909889,0.9798164949978448,-0.8362216217367009,0.9798558830909889,0.9981665259426153,-0.10781915574103773,0.5982523810046267,0.029807304015877972,0.074087615396782,0.49404569533554527,0.7383484620450667,0.7400805640810788,0.7401114563204659,-0.5934804718018069,0.7400805640810786,0.7338378190474684,0.13515436936294378,-0.2624531309992653,0.005253929066173784,0.05493090736610096,0.36214872675142706,-0.09301704708236083,-0.08363089976093775,-0.08346241815165364,0.2678962079603834,-0.08363089976093849,-0.09543512088066826,0.09583751378856793,-0.232059282001353,-0.11054542452213102,0.03715495180467542,0.26998258479235615,-0.11345069931755782,-0.09752501412349805,-0.09736965913605337,0.2031905491368973,-0.09752501412349822,-0.11701622416121836,0.11561449101430796,-0.2002994717705076,-0.09314460597374562,0.1073366324698878,0.3791297987222798,-0.09366394010969528,-0.08831515062049831,-0.08833908548933224,0.2689440047869455,-0.08831515062049854,-0.09473400035005165,0.16041024581554952
red_SDSD,0.8502019540562215,0.4616422476528872,0.028786164817766413,0.082989963355623,0.9798558830909889,1.0,0.9999992232422914,-0.8261836448415707,1.0000000000000007,0.9659957884335317,0.08526301002516871,0.5750330665706809,0.03764021404799374,0.06505457976774709,0.5035207294079848,0.7224420489699841,0.7215845528663323,0.7216255955816224,-0.573047861649889,0.7215845528663319,0.718904565396865,0.11472001792024678,-0.26975599605225387,0.014861889929892198,0.04880756610447378,0.3626662858000575,-0.10663600603106589,-0.09951138601955051,-0.09935687559004369,0.28613467662475156,-0.09951138601955094,-0.10835673061009642,0.0818918406933583,-0.24001018966762616,-0.1090401989780087,0.036463310299511255,0.2718756863919056,-0.12429812561095202,-0.1140653584976644,-0.11392405140723344,0.22131540407391379,-0.1140653584976645,-0.1262802398238062,0.0795923161323336,-0.20124369897975192,-0.07968036852753864,0.11944662203887295,0.37049198356808144,-0.1001882361580678,-0.09596556602125282,-0.09602285042942582,0.27880145927690647,-0.09596556602125282,-0.10096275651386302,0.15165297801548694
red_RMSSD,0.849680378889883,0.4610717540922748,0.028873989788523097,0.08390204739503893,0.9798164949978448,0.9999992232422914,1.0,-0.8257391068814859,0.9999992232422938,0.9659445515609009,0.08549491357321648,0.574933470633059,0.037393385125815214,0.06515632364206703,0.5038368488432092,0.7224737440942441,0.721612199195169,0.7216534229070576,-0.5729351465369714,0.7216121991951692,0.7189373327611616,0.11472672266842275,-0.2698170224507014,0.014973091863405334,0.04876094330746779,0.36268573222619277,-0.10668246141877742,-0.0995433557767648,-0.09938867934565748,0.2861838824541368,-0.09954335577676532,-0.10840710120632173,0.08194987307539889,-0.2399676576131687,-0.10893734609094725,0.0364541086220535,0.27176205100295175,-0.12433125269579996,-0.11409607696930629,-0.11395471336704383,0.22124548164330082,-0.11409607696930643,-0.12631371497368646,0.07955749171098991,-0.20130346917410505,-0.07966971287766862,0.11947162894525926,0.3705006111386845,-0.10025584776979397,-0.0960340791572118,-0.096091431033753,0.2788497455598102,-0.09603407915721192,-0.10102986959719436,0.151627491800267
red_NN_Count,-0.9858345174086638,-0.7916021239668417,0.020262672206571925,0.37626278030591637,-0.8362216217367009,-0.8261836448415707,-0.8257391068814859,1.0,-0.8261836448415728,-0.8325175060396605,0.05289601184560192,-0.6567432244633511,-0.2859487857330651,-0.014224933613272248,-0.24669653293363966,-0.654673504903391,-0.6556676546295772,-0.6555657942506768,0.6704056137512342,-0.6556676546295753,-0.6507228606516301,-0.11399732092904628,0.2547601944368163,0.042990561641247906,-0.0596382597927089,-0.3980757280931562,0.062164490300672545,0.06275104261989957,0.06262126837302436,-0.26678193111509185,0.0627510426199001,0.061830440930052,-0.03607880062060888,0.32476167637011727,0.20677744929071837,-0.05699909550547995,-0.41384530062321156,0.12464585238824191,0.13078387928258592,0.1306839881858815,-0.315725873276477,0.13078387928258614,0.12228705143672657,0.0029416344957086437,0.1830950056220482,0.0970363078431742,-0.06247503699001468,-0.39753660902972426,0.06633489401131606,0.06519184878741525,0.06517641670413069,-0.2579315136500547,0.06519184878741571,0.0664360805301829,-0.06775031198449737
red_SD1,0.8502019540562218,0.46164224765288786,0.028786164817766354,0.08298996335562221,0.9798558830909889,1.0000000000000007,0.9999992232422938,-0.8261836448415728,1.0,0.9659957884335303,0.08526301002516891,0.5750330665706814,0.037640214047994405,0.06505457976774713,0.5035207294079845,0.7224420489699838,0.7215845528663308,0.7216255955816214,-0.5730478616498877,0.7215845528663317,0.7189045653968626,0.11472001792024629,-0.2697559960522537,0.01486188992989206,0.04880756610447386,0.36266628580005755,-0.1066360060310656,-0.09951138601955022,-0.09935687559004354,0.28613467662475145,-0.09951138601955084,-0.10835673061009601,0.08189184069335852,-0.24001018966762613,-0.10904019897800879,0.03646331029951127,0.27187568639190574,-0.12429812561095191,-0.11406535849766457,-0.1139240514072332,0.22131540407391376,-0.11406535849766451,-0.12628023982380643,0.0795923161323334,-0.20124369897975192,-0.0796803685275384,0.11944662203887282,0.37049198356808205,-0.10018823615806766,-0.0959655660212525,-0.09602285042942568,0.27880145927690575,-0.09596556602125292,-0.10096275651386284,0.15165297801548708
red_SD2,0.8558501770818805,0.44316091124980295,0.029119196898887725,0.1034048644863659,0.9981665259426153,0.9659957884335317,0.9659445515609009,-0.8325175060396605,0.9659957884335303,1.0,-0.16588145385418068,0.6004033459016602,0.026753218604516137,0.07618259777633411,0.4878161951148103,0.7375831948606936,0.7401236054029372,0.7401519202595102,-0.5948043770350321,0.7401236054029352,0.7327995727900948,0.14054694579149898,-0.2581764548058244,0.0023233075584723965,0.05656023249585148,0.35915367494202616,-0.08827108892162663,-0.07829745482286057,-0.07812649508919707,0.2604501232897321,-0.07829745482286113,-0.0908741944962058,0.09926837677705827,-0.22788046199974327,-0.10999984991575118,0.037212895549878514,0.26732713324859636,-0.10940649108583078,-0.09194544515185576,-0.09178757327566148,0.1963443337107922,-0.09194544515185608,-0.11340544419454371,0.1254168723814853,-0.1984753704607616,-0.09653321617559195,0.10304458018485341,0.3790828998272709,-0.0909018119068902,-0.08525305623480137,-0.0852668727253738,0.2641404412401431,-0.08525305623480163,-0.09205346175848197,0.16192454169369594
red_SD1_SD2,-0.055319758329448236,0.06508055537337241,0.008218451499145267,-0.07198376696966684,-0.10781915574103773,0.08526301002516871,0.08549491357321648,0.05289601184560192,0.08526301002516891,-0.16588145385418068,1.0,-0.10754447397395048,0.06314580878960381,-0.045416889274605826,-0.0008124499870039946,-0.10334538177562402,-0.1164352938997818,-0.11642079029795487,0.09076300054911332,-0.11643529389978167,-0.09836887481655553,-0.11331705742770054,-0.038935196161859004,0.05578224463703053,-0.03602139791352754,0.013967543028810718,-0.05638030242539757,-0.07002974239845934,-0.07007110962192828,0.08318479959113488,-0.07002974239845924,-0.05225494461537895,-0.10856780718239079,-0.04285715032710277,0.007043525087944284,-0.014958730626863514,0.020636767637342637,-0.04163762706351501,-0.06844738266983086,-0.06847525558879158,0.08441501914685945,-0.06844738266983091,-0.03423486713673583,-0.18810108910854073,-0.004605579541826057,0.0885518905706918,0.03918320616478773,-0.04601076509361389,-0.03304360089756527,-0.0392304658262161,-0.03937512015056106,0.03693228638445748,-0.03923046582621617,-0.031409729763512965,-0.07379332155570466
infrared_Mean_NN,0.6347687054865855,0.5358471453759546,-0.0072253378113809625,-0.008121895195365493,0.5982523810046267,0.5750330665706809,0.574933470633059,-0.6567432244633511,0.5750330665706814,0.6004033459016602,-0.10754447397395048,1.0,0.49968036234266977,0.011240355857114925,0.0016493244351202263,0.8117473430149328,0.7925692447744112,0.79207367445229,-0.9893311698232037,0.7925692447744115,0.8133814811177504,0.011669191775356365,-0.2093647313134862,-0.021578755008355065,0.055606304358837004,0.36504779852983094,-0.025862568790638942,-0.017391943563563484,-0.01724753166206254,0.2276173320277892,-0.017391943563564,-0.028097673559372836,0.07822207592527707,-0.310792865361582,-0.17717194606970516,0.08191800852538948,0.4263313033870884,-0.0855043796871232,-0.06839239815652245,-0.06821884697452708,0.3163669145561808,-0.06839239815652272,-0.08952643587711241,0.1404659951076962,-0.15822189838460832,-0.08403009573692151,0.10416783769234578,0.41945727397613947,-0.027133184533359413,-0.025094825773860383,-0.025072481360074245,0.2556131081042096,-0.02509482577386075,-0.027558229537874165,0.03537007840008398
infrared_Median_NN,0.24477674306224015,0.4731802651536291,-0.03372974757615081,-0.27241650540618434,0.029807304015877972,0.03764021404799374,0.037393385125815214,-0.2859487857330651,0.037640214047994405,0.026753218604516137,0.06314580878960381,0.49968036234266977,1.0,-0.1182589216533835,-0.5374158036752998,0.039748692889101725,0.022435734981183425,0.021827083048339913,-0.5379435860372298,0.022435734981181822,0.045041698436521366,-0.10545794673126849,-0.16971584670596312,-0.06460481879680874,0.025190543323908132,0.2757339796057065,-0.04632151364298489,-0.05484089095892006,-0.05478934461260176,0.18623517376190368,-0.054840890958920224,-0.04371348280960831,-0.10321883540920541,-0.38811896350083264,-0.20347561542614478,0.0939772400067727,0.49013286381184223,-0.1725280599193313,-0.17709884006401846,-0.17711841689880814,0.43188808861987654,-0.1770988400640185,-0.17038251409455352,0.0009626175006961079,-0.07744590429387316,-0.013868429048313735,0.04322365655773237,0.1531263192632792,-0.04721145253029474,-0.05468256844931278,-0.05498415654171964,0.12374836070866574,-0.05468256844931325,-0.045213083478983514,-0.14319650910643011
infrared_Heart_Rate,0.02359036468772498,-0.0183961778716245,0.08298344152596132,0.07474909101913714,0.074087615396782,0.06505457976774709,0.06515632364206703,-0.014224933613272248,0.06505457976774713,0.07618259777633411,-0.045416889274605826,0.011240355857114925,-0.1182589216533835,1.0,0.1350149245980591,0.08353846941013655,0.08010896108769536,0.0801565864789591,-0.0005880005175271541,0.08010896108769557,0.08436102443736143,-0.012827209342131687,-0.014194669209127774,0.085395947547524,-0.010123110428614608,0.010588211713420174,-0.02067541070478823,-0.016245241315555013,-0.016301861847408637,-0.006192920172862258,-0.016245241315555128,-0.02195994082320343,0.04444665636314983,0.005618711364228469,-0.0031580789348209857,0.028220580116573312,-0.008972049253341417,-0.000863859794734111,0.006270575594799203,0.006257001037450461,-0.02652430534864023,0.006270575594799199,-0.0027836482655849326,0.036840221590996786,0.0029047273963460204,0.026249157224075188,-0.015655155056106224,0.005090696775560136,-0.007918121623186218,-0.005676585697931343,-0.005841416026885056,-0.004851484152965483,-0.005676585697931297,-0.008353963454847894,0.02117723452663978
infrared_Mean_HR,0.2644614837310732,-0.03931412239782898,0.029198743599472922,0.37703854874359194,0.49404569533554527,0.5035207294079848,0.5038368488432092,-0.24669653293363966,0.5035207294079845,0.4878161951148103,-0.0008124499870039946,0.0016493244351202263,-0.5374158036752998,0.1350149245980591,1.0,0.5328666803485131,0.5354834832647131,0.5361155546633496,0.011835421074923545,0.5354834832647151,0.5291985170707879,0.1140137068387742,-0.1320608612936347,0.004843982069394491,-0.00975166861695662,0.14713968328706653,-0.054000837476590326,-0.03287856531221791,-0.03266463761300018,0.1273846067021418,-0.032878565312218215,-0.05982352701789091,0.20001107719070582,0.00769089337059227,0.010507301755904546,-0.027613998253269875,-0.06259922558463346,-0.042198068330960355,-0.03911501485741966,-0.03901975600598232,-0.05154455047242315,-0.039115014857419306,-0.042740627844567336,0.00830962841113696,-0.1371051154287319,-0.08282343872137934,0.0432972091638527,0.21572150678778304,-0.0758428186714819,-0.07169291737875956,-0.0716148222018486,0.17202801334675763,-0.07169291737875928,-0.07660925488469204,0.1038716224849993
infrared_SDNN,0.6552747164129813,0.39682814824100415,0.022279130807388827,0.16458894796582624,0.7383484620450667,0.7224420489699841,0.7224737440942441,-0.654673504903391,0.7224420489699838,0.7375831948606936,-0.10334538177562402,0.8117473430149328,0.039748692889101725,0.08353846941013655,0.5328666803485131,1.0,0.9873863474467813,0.9873585007794662,-0.7903284330522575,0.9873863474467841,0.9986346993250745,0.08284653641178392,-0.20204877507718774,0.002378537814172926,0.042563190331119743,0.3273355420866027,-0.02926622347554825,-0.013234809446919594,-0.01301815132998708,0.21627036587902612,-0.01323480944692005,-0.033653756591632576,0.1506182408801579,-0.2009578137739814,-0.11962048288520108,0.04438958599175886,0.26422078386136527,-0.06225209342036023,-0.04600947436007085,-0.045817867324820793,0.1849692220203204,-0.0460094743600709,-0.06614463494971072,0.124114928577377,-0.17966701268061439,-0.10407286829933478,0.1089671251356651,0.4402176540329381,-0.04151751919582038,-0.03553687907773909,-0.03542505135998288,0.2796808488263625,-0.0355368790777395,-0.042841467456904585,0.10740634522940344
infrared_SDSD,0.6557492399804846,0.3820329816171591,0.019296685553612837,0.15452751826661465,0.7400805640810788,0.7215845528663323,0.721612199195169,-0.6556676546295772,0.7215845528663308,0.7401236054029372,-0.1164352938997818,0.7925692447744112,0.022435734981183425,0.08010896108769536,0.5354834832647131,0.9873863474467813,1.0,0.9999994639266323,-0.7714041592493054,1.0000000000000002,0.9777767168711671,0.23311214736130056,-0.18216645352213354,0.005432680049102226,0.049024794488248,0.30979871058651054,-0.008558731623618887,0.008341120390265123,0.008582338245771252,0.18990335841012115,0.008341120390264545,-0.013255122815987829,0.15448935217832746,-0.18217774394926212,-0.11742563033967797,0.03944068631773426,0.24497768768407907,-0.0497592979483227,-0.03445653256501052,-0.034266453953593026,0.1614365095963344,-0.03445653256501054,-0.05345897679510489,0.11384982437131112,-0.17285866050188228,-0.10548036778146845,0.1063872387790132,0.43178286250214487,-0.03706340086618531,-0.031753443495411614,-0.03164000377704919,0.2666557416708887,-0.031753443495411635,-0.03823600992753374,0.09583557354203671
infrared_RMSSD,0.6556578467767016,0.3817726911033912,0.019346069135192802,0.15466391427794612,0.7401114563204659,0.7216255955816224,0.7216534229070576,-0.6555657942506768,0.7216255955816214,0.7401519202595102,-0.11642079029795487,0.79207367445229,0.021827083048339913,0.0801565864789591,0.5361155546633496,0.9873585007794662,0.9999994639266323,1.0,-0.7709420503640275,0.9999994639266322,0.9777400635292218,0.2333264319676756,-0.18211434573079294,0.005501339800017672,0.048989231803818103,0.30971575578547567,-0.008526396320160081,0.008387474993438665,0.008628794057695786,0.18985300601120553,0.008387474993438053,-0.013226926327935876,0.15461620406224008,-0.18199181751613022,-0.11735154363846087,0.0393729108703607,0.24472469440858952,-0.04970626608244466,-0.03442148169993941,-0.034231465503023695,0.16122652528245388,-0.03442148169993954,-0.05340137381278369,0.11372200336255757,-0.17284778556784045,-0.10552629816505575,0.10634051990243168,0.4317610583557848,-0.03705476787374989,-0.03174358495681327,-0.03163005752401993,0.26664057347432973,-0.0317435849568134,-0.038227681544390664,0.09586001973889585
infrared_NN_Count,-0.6434242860219657,-0.5577422495382441,0.007115168022000702,0.028800918667212166,-0.5934804718018069,-0.573047861649889,-0.5729351465369714,0.6704056137512342,-0.5730478616498877,-0.5948043770350321,0.09076300054911332,-0.9893311698232037,-0.5379435860372298,-0.0005880005175271541,0.011835421074923545,-0.7903284330522575,-0.7714041592493054,-0.7709420503640275,1.0,-0.771404159249305,-0.7920103072127785,-0.00732193770652213,0.20973088960510988,0.015148210931197262,-0.05248896451992544,-0.37343598992447774,0.020326017006349492,0.01198132902942764,0.011837526094276482,-0.22995497978119217,0.01198132902942809,0.022558609701366097,-0.0807838976704045,0.3223852024607392,0.18667627043272897,-0.08204220081251487,-0.4442679545443986,0.08825391175537238,0.0733873528213998,0.07322191934814379,-0.328785766177651,0.07338735282140006,0.09168239005324698,-0.131934051629242,0.15458420227847863,0.07893835122587338,-0.0951237407227966,-0.4208207939172432,0.02077761014818056,0.019535965251869854,0.019491979051546263,-0.25133585614815535,0.01953596525187032,0.021033151527402996,-0.02502421690431884
infrared_SD1,0.6557492399804835,0.38203298161715743,0.019296685553612757,0.1545275182666152,0.7400805640810786,0.7215845528663319,0.7216121991951692,-0.6556676546295753,0.7215845528663317,0.7401236054029352,-0.11643529389978167,0.7925692447744115,0.022435734981181822,0.08010896108769557,0.5354834832647151,0.9873863474467841,1.0000000000000002,0.9999994639266322,-0.771404159249305,1.0,0.9777767168711674,0.2331121473613013,-0.18216645352213376,0.005432680049102517,0.04902479448824792,0.30979871058651015,-0.008558731623619182,0.008341120390264772,0.008582338245770885,0.1899033584101219,0.00834112039026422,-0.013255122815988162,0.1544893521783276,-0.18217774394926176,-0.11742563033967762,0.03944068631773421,0.2449776876840788,-0.04975929794832292,-0.03445653256501065,-0.03426645395359321,0.1614365095963342,-0.034456532565010745,-0.053458976795104855,0.11384982437131141,-0.17285866050188256,-0.1054803677814689,0.10638723877901354,0.43178286250214626,-0.03706340086618561,-0.0317534434954118,-0.03164000377704953,0.26665574167088907,-0.03175344349541202,-0.03823600992753398,0.09583557354203658
infrared_SD2,0.6515434428657082,0.3994650403779382,0.02334831017139539,0.1670222065158095,0.7338378190474684,0.718904565396865,0.7189373327611616,-0.6507228606516301,0.7189045653968626,0.7327995727900948,-0.09836887481655553,0.8133814811177504,0.045041698436521366,0.08436102443736143,0.5291985170707879,0.9986346993250745,0.9777767168711671,0.9777400635292218,-0.7920103072127785,0.9777767168711674,1.0,0.03281471144752389,-0.20722854542225672,0.001433525586899343,0.0401476919356415,0.3309578359658524,-0.035771880097413764,-0.020096991034681374,-0.01988963040589793,0.2234613918747845,-0.020096991034681818,-0.040038942317779276,0.14875678352588043,-0.2057561449394945,-0.11952999381536032,0.045628802989913744,0.26879340949419683,-0.06586200308605344,-0.04939157055825583,-0.049200587524755666,0.19138490392553834,-0.0493915705582558,-0.06979935829693876,0.12688730892553404,-0.18076386103801245,-0.10302746295003636,0.10924980620476334,0.4403465766621391,-0.04265888908337852,-0.03647262066413433,-0.0363618769826609,0.2822254539911488,-0.03647262066413468,-0.04402997388357847,0.11096048659381674
infrared_SD1_SD2,0.10926088438970064,-0.030759989449563048,-0.0354944171700254,-0.04743161414251157,0.13515436936294378,0.11472001792024678,0.11472672266842275,-0.11399732092904628,0.11472001792024629,0.14054694579149898,-0.11331705742770054,0.011669191775356365,-0.10545794673126849,-0.012827209342131687,0.1140137068387742,0.08284653641178392,0.23311214736130056,0.2333264319676756,-0.00732193770652213,0.2331121473613013,0.03281471144752389,1.0,0.0849340447751469,0.020471547417200628,0.050321673882676096,-0.03970406359669618,0.12353787868004501,0.13005837391966837,0.13023497182784682,-0.11275154876445186,0.13005837391966835,0.12134264321623275,0.0354946104117438,0.08170902572897103,-0.005957856873753394,0.00238837481145786,-0.07343211128140795,0.05920955401953291,0.0533039469218517,0.053289168094323866,-0.10597861732536622,0.053303946921851905,0.060543999477162366,-0.05269768363291685,0.0032123750075241262,-0.03970692304531126,0.01348823626122892,0.05153433472954887,0.02196996491587702,0.01912691873239902,0.019151901818780653,-0.011610098623946347,0.01912691873239918,0.022597954360016173,-0.04020887513504631
ppg0_Mean_NN,-0.24693921687932716,-0.21148980290459435,0.01658702163274058,-0.05501622135093456,-0.2624531309992653,-0.26975599605225387,-0.2698170224507014,0.2547601944368163,-0.2697559960522537,-0.2581764548058244,-0.038935196161859004,-0.2093647313134862,-0.16971584670596312,-0.014194669209127774,-0.1320608612936347,-0.20204877507718774,-0.18216645352213354,-0.18211434573079294,0.20973088960510988,-0.18216645352213376,-0.20722854542225672,0.0849340447751469,1.0,0.11085327531962838,-0.0938313637171011,-0.7666282062621003,0.8568641431352537,0.8536125600515427,0.8532852983030293,-0.9106848649696945,0.8536125600515425,0.8548818105851762,0.040616619154317635,0.8534245739990615,0.16704256345642504,-0.11813700568766647,-0.6027480033836408,0.811111366522216,0.7856736722541288,0.7852367894327462,-0.7482724553544682,0.7856736722541282,0.8133470732004189,-0.08450504764578116,0.8185872213975824,0.11890602507079283,-0.1054549451086347,-0.5486690135607747,0.7880839326230804,0.788358354342555,0.7890470298787834,-0.8031102905756314,0.7883583543425544,0.7856247508803281,-0.06072130220059961
ppg0_Median_NN,-0.04199557158985378,-0.06008248321792371,-0.01827673557430944,0.047383248297273826,0.005253929066173784,0.014861889929892198,0.014973091863405334,0.042990561641247906,0.01486188992989206,0.0023233075584723965,0.05578224463703053,-0.021578755008355065,-0.06460481879680874,0.085395947547524,0.004843982069394491,0.002378537814172926,0.005432680049102226,0.005501339800017672,0.015148210931197262,0.005432680049102517,0.001433525586899343,0.020471547417200628,0.11085327531962838,1.0,-0.05980742012494659,-0.17232057640636533,0.0361929448158582,0.04758517570603236,0.047600406317529736,-0.11679324858547557,0.04758517570603236,0.03279370638705973,0.07917938160912125,0.05156593708688557,0.14220176219528782,-0.07534584589612865,-0.0971390987856934,-0.01913946406800397,-0.01783589448686026,-0.01790585965492136,-0.055921744096799855,-0.017835894486860276,-0.019384771282274837,0.01234757453661207,0.0068127865461321945,0.08182505015000584,-0.03739707680354101,-0.04284155158550602,-0.011643599649225213,-0.015893640020562594,-0.015957808131466238,-0.02300268274613702,-0.015893640020562518,-0.01057188144298251,-0.08338067187605669
ppg0_Heart_Rate,0.05785618812362306,0.007693818578036907,0.04247662157585491,-0.00895012074812888,0.05493090736610096,0.04880756610447378,0.04876094330746779,-0.0596382597927089,0.04880756610447386,0.05656023249585148,-0.03602139791352754,0.055606304358837004,0.025190543323908132,-0.010123110428614608,-0.00975166861695662,0.042563190331119743,0.049024794488248,0.048989231803818103,-0.05248896451992544,0.04902479448824792,0.0401476919356415,0.050321673882676096,-0.0938313637171011,-0.05980742012494659,1.0,0.10880073653731193,-0.06334777101990426,-0.06377169773972491,-0.06378936507614924,0.11379081281435796,-0.06377169773972503,-0.06309652745331003,-0.0009301766376923,-0.05319056416235974,-0.003504040265196146,0.36926223481164794,0.05197361414300234,-0.04651079697471551,-0.0500375179796753,-0.05004268050059065,0.07128902585231298,-0.05003751797967523,-0.045280316798173,-0.027043525919060816,-0.04586325832890803,0.0017647115671622668,0.3712283737988813,0.08033471132907422,-0.030975979581600265,-0.028361232441606078,-0.028457684611825566,0.08886693724656129,-0.028361232441606175,-0.03144514763895452,-0.005158499083666604
ppg0_Mean_HR,0.37687314146345496,0.3036313747235998,-0.0052334639722358455,-0.008866812390211557,0.36214872675142706,0.3626662858000575,0.36268573222619277,-0.3980757280931562,0.36266628580005755,0.35915367494202616,0.013967543028810718,0.36504779852983094,0.2757339796057065,0.010588211713420174,0.14713968328706653,0.3273355420866027,0.30979871058651054,0.30971575578547567,-0.37343598992447774,0.30979871058651015,0.3309578359658524,-0.03970406359669618,-0.7666282062621003,-0.17232057640636533,0.10880073653731193,1.0,-0.3625211141694721,-0.37044431905197417,-0.3701874781121642,0.8311280925872874,-0.37044431905197484,-0.35921923299975056,-0.054306493679548824,-0.7558331023205191,-0.3243719286711045,0.13117657136625466,0.8384719630234704,-0.39952017005046,-0.41185050349531604,-0.4115307224929035,0.768535297411096,-0.41185050349531593,-0.3942174936075418,-0.06848438177645165,-0.5147719276143902,-0.2071263545409724,0.10213173727403765,0.7586760618158758,-0.3304449351897281,-0.33522519975059667,-0.3355307279022675,0.6520561258448859,-0.33522519975059617,-0.328208860384766,-0.08482885251605156
ppg0_SDNN,-0.06958781391485573,-0.07603801451393234,0.022091655698835817,-0.06706150575870219,-0.09301704708236083,-0.10663600603106589,-0.10668246141877742,0.062164490300672545,-0.1066360060310656,-0.08827108892162663,-0.05638030242539757,-0.025862568790638942,-0.04632151364298489,-0.02067541070478823,-0.054000837476590326,-0.02926622347554825,-0.008558731623618887,-0.008526396320160081,0.020326017006349492,-0.008558731623619182,-0.035771880097413764,0.12353787868004501,0.8568641431352537,0.0361929448158582,-0.06334777101990426,-0.3625211141694721,1.0,0.9906020024699927,0.9905490866981789,-0.7275499177091621,0.9906020024699943,0.9992662287692916,0.048065073870455374,0.6355207640258703,-0.004441289958362634,-0.09025200256097311,-0.2446857181625717,0.8577134850287523,0.8175283203900078,0.817355173292644,-0.5172439991486435,0.8175283203900084,0.8635243024924149,-0.15661702448739415,0.7124149422219244,0.02201948851306277,-0.0599867264836911,-0.22139110144243063,0.7988384898316373,0.8081594870785245,0.8090540498356634,-0.6591778142110791,0.8081594870785253,0.7944334278082247,-0.11359447579212173
ppg0_SDSD,-0.06982725585284943,-0.0873143795933558,0.018601336010101662,-0.051421399919820504,-0.08363089976093775,-0.09951138601955051,-0.0995433557767648,0.06275104261989957,-0.09951138601955022,-0.07829745482286057,-0.07002974239845934,-0.017391943563563484,-0.05484089095892006,-0.016245241315555013,-0.03287856531221791,-0.013234809446919594,0.008341120390265123,0.008387474993438665,0.01198132902942764,0.008341120390264772,-0.020096991034681374,0.13005837391966837,0.8536125600515427,0.04758517570603236,-0.06377169773972491,-0.37044431905197417,0.9906020024699927,1.0,0.9999990277090117,-0.7319444807473477,1.0000000000000002,0.9846411805909036,0.1646871024948057,0.642928806708389,-0.0015398642258214912,-0.09309446276742034,-0.2579653076248757,0.8459348574011512,0.8138140345694944,0.8135919256496091,-0.5257669535543541,0.8138140345694952,0.8498566911606804,-0.13730661748379908,0.7269872178680479,0.024630337554211235,-0.06135470739382548,-0.23359683235271658,0.7969991012686592,0.8076977104514709,0.8083385312343148,-0.6592154422638741,0.8076977104514683,0.7922933833122737,-0.10660384709532393
ppg0_RMSSD,-0.06971930096825708,-0.0872697770215804,0.018593383271667048,-0.05130765389580645,-0.08346241815165364,-0.09935687559004369,-0.09938867934565748,0.06262126837302436,-0.09935687559004354,-0.07812649508919707,-0.07007110962192828,-0.01724753166206254,-0.05478934461260176,-0.016301861847408637,-0.03266463761300018,-0.01301815132998708,0.008582338245771252,0.008628794057695786,0.011837526094276482,0.008582338245770885,-0.01988963040589793,0.13023497182784682,0.8532852983030293,0.047600406317529736,-0.06378936507614924,-0.3701874781121642,0.9905490866981789,0.9999990277090117,1.0,-0.7318329726383971,0.9999990277090108,0.9845745287127298,0.16505865275105924,0.6424717589852136,-0.0016590226312592187,-0.09312420965660231,-0.2576797535251977,0.8456230569214324,0.8135485229366116,0.8133278158819884,-0.5254740560543961,0.8135485229366115,0.8495352148464931,-0.13722742608329483,0.726400754223206,0.024618236572965062,-0.06128069336472476,-0.23339045695038918,0.7964188352830867,0.8071259987025036,0.8077680300329146,-0.6588701719579925,0.8071259987025047,0.7917126674207665,-0.10651404688087157
ppg0_NN_Count,0.25928198905672883,0.23180676214887663,-0.0031852815588032744,0.04507826193002598,0.2678962079603834,0.28613467662475156,0.2861838824541368,-0.26678193111509185,0.28613467662475145,0.2604501232897321,0.08318479959113488,0.2276173320277892,0.18623517376190368,-0.006192920172862258,0.1273846067021418,0.21627036587902612,0.18990335841012115,0.18985300601120553,-0.22995497978119217,0.1899033584101219,0.2234613918747845,-0.11275154876445186,-0.9106848649696945,-0.11679324858547557,0.11379081281435796,0.8311280925872874,-0.7275499177091621,-0.7319444807473477,-0.7318329726383971,1.0,-0.7319444807473502,-0.723948194569271,-0.08723082844859835,-0.7793245132052352,-0.20107324448421943,0.18890516662635257,0.6565765729486963,-0.6662831364292947,-0.661394148837226,-0.6611763494474129,0.8210156361697146,-0.6613941488372264,-0.6640616221868384,0.010258752387340102,-0.6416089195580044,-0.1413954174201087,0.14366170140507242,0.6057192281641703,-0.5558509831616311,-0.5690502109316241,-0.5697741077227281,0.8059946798164158,-0.5690502109316242,-0.5511434358214661,-0.025791578425716544
ppg0_SD1,-0.06982725585284984,-0.08731437959335626,0.01860133601010165,-0.051421399919820754,-0.08363089976093849,-0.09951138601955094,-0.09954335577676532,0.0627510426199001,-0.09951138601955084,-0.07829745482286113,-0.07002974239845924,-0.017391943563564,-0.054840890958920224,-0.016245241315555128,-0.032878565312218215,-0.01323480944692005,0.008341120390264545,0.008387474993438053,0.01198132902942809,0.00834112039026422,-0.020096991034681818,0.13005837391966835,0.8536125600515425,0.04758517570603236,-0.06377169773972503,-0.37044431905197484,0.9906020024699943,1.0000000000000002,0.9999990277090108,-0.7319444807473502,1.0,0.9846411805909039,0.16468710249480564,0.6429288067083905,-0.0015398642258212774,-0.09309446276742034,-0.2579653076248763,0.8459348574011516,0.8138140345694956,0.81359192564961,-0.5257669535543539,0.8138140345694942,0.849856691160681,-0.13730661748379872,0.7269872178680503,0.02463033755421124,-0.061354707393825446,-0.233596832352717,0.7969991012686578,0.8076977104514689,0.8083385312343151,-0.6592154422638739,0.807697710451471,0.7922933833122744,-0.10660384709532417
ppg0_SD2,-0.06933829603875265,-0.07256634926665131,0.02302257144731847,-0.07127073285216577,-0.09543512088066826,-0.10835673061009642,-0.10840710120632173,0.061830440930052,-0.10835673061009601,-0.0908741944962058,-0.05225494461537895,-0.028097673559372836,-0.04371348280960831,-0.02195994082320343,-0.05982352701789091,-0.033653756591632576,-0.013255122815987829,-0.013226926327935876,0.022558609701366097,-0.013255122815988162,-0.040038942317779276,0.12134264321623275,0.8548818105851762,0.03279370638705973,-0.06309652745331003,-0.35921923299975056,0.9992662287692916,0.9846411805909036,0.9845745287127298,-0.723948194569271,0.9846411805909039,1.0,0.015172587196085233,0.631226186747746,-0.005233275513228744,-0.08916602016328767,-0.24017359371586408,0.8580672025512858,0.8157974076465396,0.8156390796966474,-0.5130966005982396,0.8157974076465385,0.8643791298051975,-0.1614381158697547,0.7056954194521833,0.02127213547667332,-0.059365685182501494,-0.21729371893801483,0.7964246682147043,0.8053223055176675,0.8062856016506856,-0.656927727077485,0.805322305517666,0.7921202578517264,-0.11512139744529706
ppg0_SD1_SD2,0.037328575482064114,-0.0525137094696168,-0.01819260667528448,0.08003629087863874,0.09583751378856793,0.0818918406933583,0.08194987307539889,-0.03607880062060888,0.08189184069335852,0.09926837677705827,-0.10856780718239079,0.07822207592527707,-0.10321883540920541,0.04444665636314983,0.20001107719070582,0.1506182408801579,0.15448935217832746,0.15461620406224008,-0.0807838976704045,0.1544893521783276,0.14875678352588043,0.0354946104117438,0.040616619154317635,0.07917938160912125,-0.0009301766376923,-0.054306493679548824,0.048065073870455374,0.1646871024948057,0.16505865275105924,-0.08723082844859835,0.16468710249480564,0.015172587196085233,1.0,0.06834244691941191,0.006523145594178448,-0.03504298637676032,-0.10879639117296157,-0.01127605834174804,0.010167622688965679,0.010054403043480343,-0.11267218601002892,0.010167622688965709,-0.016486520892073826,0.0879016881083926,0.046981968450898685,0.02110373203809565,-0.02332304359995209,-0.07179580245972715,-0.0004380758788467445,0.004657886112371064,0.004202642351430033,-0.06032324938301613,0.004657886112370925,-0.0016478248491330395,0.06711944027030198
ppg1_Mean_NN,-0.30268112046906814,-0.3544394025218045,0.01904287082196818,0.08145528640999633,-0.232059282001353,-0.24001018966762616,-0.2399676576131687,0.32476167637011727,-0.24001018966762613,-0.22788046199974327,-0.04285715032710277,-0.310792865361582,-0.38811896350083264,0.005618711364228469,0.00769089337059227,-0.2009578137739814,-0.18217774394926212,-0.18199181751613022,0.3223852024607392,-0.18217774394926176,-0.2057561449394945,0.08170902572897103,0.8534245739990615,0.05156593708688557,-0.05319056416235974,-0.7558331023205191,0.6355207640258703,0.642928806708389,0.6424717589852136,-0.7793245132052352,0.6429288067083905,0.631226186747746,0.06834244691941191,1.0,0.3344409073830905,-0.13833800253058437,-0.8471280954196275,0.8054393710984422,0.8066100663326853,0.8061856059993697,-0.9263950544690239,0.806610066332688,0.801048320548664,-0.015165601091714337,0.7870055787787851,0.14703031935793529,-0.08704330113448629,-0.6117366416633342,0.700145165246681,0.7089997622709556,0.709124549483977,-0.7647537048127294,0.7089997622709552,0.6959936606565483,0.027911955548065824
ppg1_Median_NN,-0.18584439724493454,-0.24967446891801595,-0.016849692593033764,0.11810386262869735,-0.11054542452213102,-0.1090401989780087,-0.10893734609094725,0.20677744929071837,-0.10904019897800879,-0.10999984991575118,0.007043525087944284,-0.17717194606970516,-0.20347561542614478,-0.0031580789348209857,0.010507301755904546,-0.11962048288520108,-0.11742563033967797,-0.11735154363846087,0.18667627043272897,-0.11742563033967762,-0.11952999381536032,-0.005957856873753394,0.16704256345642504,0.14220176219528782,-0.003504040265196146,-0.3243719286711045,-0.004441289958362634,-0.0015398642258214912,-0.0016590226312592187,-0.20107324448421943,-0.0015398642258212774,-0.005233275513228744,0.006523145594178448,0.3344409073830905,1.0,-0.1158212929000111,-0.46207710760326737,0.08249387500904656,0.11888696471566236,0.11879847942421,-0.33802665895001466,0.11888696471566246,0.07222954664815069,0.19249984247528287,0.07452573863755291,0.19519946824249743,-0.021467859790563457,-0.21420774158774428,0.0005683550591312885,0.007037855759402914,0.006973709549367402,-0.1241951771078199,0.0070378557594030925,-0.0009490143061477209,0.09072065227729484
