,red_Mean_NN,red_Median_NN,red_Heart_Rate,red_Mean_HR,red_SDNN,red_SDSD,red_RMSSD,red_NN_Count,red_SD1,red_SD2,red_SD1_SD2,infrared_Mean_NN,infrared_Median_NN,infrared_Heart_Rate,infrared_Mean_HR,infrared_SDNN,infrared_SDSD,infrared_RMSSD,infrared_NN_Count,infrared_SD1,infrared_SD2,infrared_SD1_SD2,ppg0_Mean_NN,ppg0_Median_NN,ppg0_Heart_Rate,ppg0_Mean_HR,ppg0_SDNN,ppg0_SDSD,ppg0_RMSSD,ppg0_NN_Count,ppg0_SD1,ppg0_SD2,ppg0_SD1_SD2,ppg1_Mean_NN,ppg1_Median_NN,ppg1_Heart_Rate,ppg1_Mean_HR,ppg1_SDNN,ppg1_SDSD,ppg1_RMSSD,ppg1_NN_Count,ppg1_SD1,ppg1_SD2,ppg1_SD1_SD2,ppg2_Mean_NN,ppg2_Median_NN,ppg2_Heart_Rate,ppg2_Mean_HR,ppg2_SDNN,ppg2_SDSD,ppg2_RMSSD,ppg2_NN_Count,ppg2_SD1,ppg2_SD2,ppg2_SD1_SD2
red_Mean_NN,77712.37230319627,48582.08265617692,-2069.611184297472,-2018.409234276092,59423.64110587424,89257.67047652752,88466.66424546589,-5013.782532101315,63114.70406686681,71190.60774415643,3.844260518746433,80231.8606131038,32554.712473235526,-1595.7456885300178,-1667.7824936811178,74297.19107394101,113527.74696208375,112480.28414902919,-4361.258247002814,80276.23972972017,88377.07996126146,5.4057579838677166,4540.398925158545,461.7760724669291,-229.72622756311472,-357.7702893790871,-2611.4289340753257,-1675.923139438497,-1667.0758063604915,-914.9031111456934,-1185.0566166444041,-3741.2002820517937,2.6049789096165905,7937.055554175492,4869.866604895729,-662.6922654702554,-484.0289388163826,1348.3063212189995,3449.937227964261,3431.5191544614836,-1422.1452269269173,2439.4740085614794,1235.7747489010367,2.103633264710067,3633.3996474353316,5324.1409109930355,-281.8378614395261,-353.9478574938442,-6968.762783690013,-7765.943771998409,-7722.014034072823,-753.0939234506837,-5491.3515034935135,-9075.106574979021,1.6191388295585096
red_Median_NN,48582.08265617692,45120.505313262205,-1641.789481733176,-1593.1229049750493,26330.014508931014,40877.72363600252,40480.510601539114,-3294.00794509183,28904.915582486978,31162.568618496807,2.6991223101927817,51641.54995673382,31221.951898621614,-1303.6478890122526,-1491.5863741013563,31870.67769467241,51656.93591492766,51125.25837403321,-2958.7596917782007,36526.96968076423,37061.090800714366,4.365252437669464,1589.3397834247394,259.7853071503699,-263.75105185067866,-221.73247273018862,-5574.99046322064,-6306.978304314044,-6274.935979976983,-296.8940285766368,-4459.707127776906,-7251.290446839554,1.8833954585664245,3819.3092772622417,2840.26378728302,-410.2310301596514,-296.8184418068983,-2547.0792935457043,-2504.206290662169,-2492.924633022716,-623.7289329275948,-1770.7412496172126,-3413.340451417796,1.1814211501304164,748.5765491756241,3137.5226801307244,-254.6013174324776,-198.28891479669778,-8282.2927351628,-9755.876808546825,-9700.710688175639,-167.45040665673227,-6898.446647744037,-10648.786700606017,1.3129374209423468
red_Heart_Rate,-2069.611184297472,-1641.789481733176,1809.751853189232,79.52509682309211,-812.3877523683817,-1408.1690481027606,-1390.7075308086467,129.41580361131986,-995.7258829704704,-918.1584995815147,-0.164217954770205,-2377.2617171500106,-1405.5028448588519,170.53437645692682,77.21750902470131,-1072.7456934067118,-1701.8814880787897,-1678.7124879744108,127.92937902111356,-1203.4119409963644,-1251.4510552344345,-0.17358936549534443,-105.21906354106886,-17.00057129578265,40.914538867252,10.933386805178243,208.21830078308597,216.9600983663478,216.5467977952027,33.653582054549126,153.41395680174372,275.40527508852267,-0.06864977212244393,-184.47125426586396,-168.78227409693633,19.01322232436803,13.948097464917382,97.67765183651697,58.50963368226884,58.85130344424437,42.902655822772935,41.372558741471344,140.47878546535333,-0.059398503131457885,-38.395964984156194,-170.83979248901827,9.427299815712262,12.731715295245685,622.2575773066488,714.4828916406294,712.211274118462,28.202979079718737,505.21569772086343,803.9092564963298,-0.043096994707741205
red_Mean_HR,-2018.409234276092,-1593.1229049750493,79.52509682309211,84.32683542979494,-664.2148857472212,-1179.6000270605555,-1164.8904281632988,116.09709785968042,-834.1031782223531,-743.8006644477742,-0.14903153358944543,-2043.478458108521,-1316.1902380963058,70.03279890579101,83.15024124868543,-454.11318254415505,-1072.0211159300634,-1055.0998356611155,97.26811104901762,-758.0334006493194,-430.75267010638345,-0.234311969831626,-174.57300483073053,-16.945539210002323,6.080485611609333,12.870484749975528,99.94836991905281,78.22818891170415,77.3173601540391,21.996990809799563,55.31568285940743,139.53843059029214,-0.0936276213975553,-292.03641004739706,-161.205119137069,24.905561792269168,17.424550681682458,-53.24521151390394,-100.0278475089527,-99.87751581343329,38.788046458586045,-70.73036928107547,-58.327125577788465,-0.04360080289095319,-236.80835244378991,-181.42010320003695,19.032110552811883,16.220071488683168,102.55505643592103,108.58600177759855,108.08906023487285,29.687455304734275,76.7818981988763,135.55287613884204,-0.05337915175258767
red_SDNN,59423.64110587424,26330.014508931014,-812.3877523683817,-664.2148857472212,74865.07856921972,106674.01753165705,105885.61475217955,-4233.634748632624,75429.92117304729,91350.5110016438,1.4171940110190464,61234.31107210569,9204.675270285825,-303.5337354184104,-43.877126479229624,103629.40102935006,145701.28805544385,144583.04850179065,-3658.7695929983847,103026.36881161889,126926.57958542167,0.9156102990574152,2144.855564858211,188.72558121091086,-190.4155058517893,-178.85850313833777,-764.5616270760205,111.08715818414656,104.4922227309103,-703.2346077388796,78.55048285473866,-1252.323978441718,1.2888920252830467,2967.789371440462,2440.581262715428,-306.8773973433844,-193.6871631190011,187.33695477512168,1727.2896258574078,1713.6904211893425,-823.3367590661366,1221.3782075169727,-159.90101188264424,1.8460404832252677,-1335.8907601384135,2358.775285925345,87.15889998837436,-57.36230387943508,-7181.172128190286,-8221.298001800707,-8167.405144255604,-175.88331597430147,-5813.335567228655,-9281.92342505384,0.9466156795786149
red_SDSD,89257.67047652752,40877.72363600252,-1408.1690481027606,-1179.6000270605555,106674.01753165705,156370.00834094966,155199.40170083535,-6207.232563433671,110570.29327208256,128940.6118959358,5.201208985200006,92445.10894262431,16349.659563413321,-732.0383699261951,-295.30076290100345,148222.99772226487,210090.39354403698,208447.2295348702,-5380.577737819173,148556.34193713893,181061.94352818537,1.9413564475581926,3574.8487401949674,321.09196435994676,-308.16084600350314,-298.1524132129106,-1780.3384882386015,-807.3270012960019,-807.8521709545452,-1054.6075510179844,-570.866397251412,-2634.102337011495,1.89449216234293,5261.767247474912,4154.663221763546,-462.1078262135485,-341.5271307982949,231.1698420596234,2297.4759383853116,2281.4387898092855,-1299.5662090848725,1624.5608156452363,-241.02686370061772,2.4617268231850247,-702.8867925010992,3940.8981751242354,123.58101708556067,-153.51662094682206,-10385.119604980391,-11936.163483609162,-11858.974863538244,-403.47335358210535,-8440.142140611215,-13409.590709105718,1.3336747446955406
red_RMSSD,88466.66424546589,40480.510601539114,-1390.7075308086467,-1164.8904281632988,105885.61475217955,155199.40170083535,154039.77969036222,-6147.800501915804,109742.54937875582,127992.13572897724,5.157640552507807,91622.84109758295,16145.199526127562,-718.329686573401,-286.3795373812596,147147.07885922826,208538.6047726701,206909.37422361816,-5328.672429602961,147459.06157393672,179756.11845336316,1.9068740075353512,3524.8917625338936,317.2918802348054,-306.66770892387916,-294.52522617943737,-1769.8917098832933,-813.5674644811417,-813.0496573870039,-1033.01864778296,-575.2790710873576,-2615.6141418176553,1.867839403669496,5190.746025073893,4109.944529017574,-456.452257795762,-337.1940362913036,218.38796054212838,2257.9079020001354,2242.8933480068226,-1274.6502857559271,1596.5819887990313,-250.82655410997623,2.4320576649019396,-727.525007363599,3895.6292047352904,124.97085620605242,-150.52707042136586,-10305.385526773172,-11847.441745178545,-11770.12908670986,-385.3079090894921,-8377.40639772828,-13305.668396503994,1.315796038389417
red_NN_Count,-5013.782532101315,-3294.00794509183,129.41580361131986,116.09709785968042,-4233.634748632624,-6207.232563433671,-6147.800501915804,1527.0448406085343,-4389.176238005907,-5115.23751662199,-0.1885954816333716,-5319.220636938661,-1971.6165433243505,108.96503971100509,82.76333735955234,-5980.465299051216,-8756.909329109472,-8676.473708790501,1385.496896886654,-6192.06996884905,-7221.877072023151,-0.2974289725857004,-226.52147346285037,-23.25035364734487,14.989390485637745,21.32319582251769,277.36352288522727,233.01162210288763,237.65644944269806,1831.9559575367061,164.76409808423006,382.8406410756038,-0.19799662204916427,-385.0169934786278,-269.8085905260653,39.66909778119586,26.34531022191871,70.87210730599246,-28.138919911460878,-23.26395593141744,1847.4611901075314,-19.897221084660686,121.6826862133136,-0.16961565380104812,-20.242203137988458,-290.6384688230248,16.99682874233687,14.971519439896626,734.8303550704344,854.281446181569,853.0744794899717,1775.0867559687515,604.0682036368404,948.4214216666213,-0.14427740343503784
red_SD1,63114.70406686681,28904.915582486978,-995.7258829704704,-834.1031782223531,75429.92117304729,110570.29327208256,109742.54937875582,-4389.176238005907,78185.0041704748,91174.78104195897,3.6778101438033297,65368.563420858605,11560.955147381028,-517.6292954635576,-208.80917193685994,104809.48681721176,148556.34193713876,147394.44952365555,-3804.6430051133134,105045.19677201845,128030.12808359567,1.372746308768616,2527.799785908018,227.0463053834278,-217.90262390526007,-210.82559320998124,-1258.8894178409435,-570.8663972514469,-571.2377482782782,-745.7201508153493,-403.66350064803754,-1862.5916248401895,1.3396082548974508,3720.631301714751,2937.790537655344,-326.7595775549733,-241.49615014665832,163.46176292616636,1624.5608156451551,1613.2208391361355,-918.9320790448012,1148.7379691926494,-170.43172977086505,1.7407037301029493,-497.0160173839996,2786.6358235960333,87.3849752071304,-108.55264369634159,-7343.388496115032,-8440.142140611324,-8385.56154392875,-285.29874434597946,-5968.081741804595,-9482.012523344827,0.943050455871458
red_SD2,71190.60774415643,31162.568618496807,-918.1584995815147,-743.8006644477742,91350.5110016438,128940.6118959358,127992.13572897724,-5115.23751662199,91174.78104195897,111809.45865241982,0.8371887704837483,73211.3428747193,10295.550879976121,-285.7612339863501,14.444144655415098,126313.55189554466,177101.24967042505,175751.27767359532,-4415.106196401076,125229.49459856917,154851.66904739037,0.9307038386313791,2463.3780109705444,215.51629497783378,-221.55650576374833,-205.774243955619,-755.674061216907,382.0309417547535,371.7796570398555,-840.0081526045864,270.1366695378586,-1309.724435406475,1.5557714580013233,3316.215106144965,2781.5890019167296,-366.3168603336277,-217.28449688168814,220.4763034006122,2125.061474170179,2107.7963718242913,-964.641616448612,1502.6453788240394,-212.83693231112971,2.296210811931699,-1980.292298489874,2712.319427366657,108.58681543950759,-49.209261735292145,-8733.782652896827,-9988.2694414244,-9922.476641895419,-167.37212615415822,-7062.773054349564,-11291.860528344281,1.160477570348937
red_SD1_SD2,3.844260518746433,2.6991223101927817,-0.164217954770205,-0.14903153358944543,1.4171940110190464,5.201208985200006,5.157640552507807,-0.1885954816333716,3.6778101438033297,0.8371887704837483,0.002583375188210613,4.290875878829562,2.1672301657101056,-0.21795033859778198,-0.13580186894963267,2.466609798933208,4.417588550949744,4.364967053631805,-0.17034978723058836,3.1237068208686174,2.749797868232972,0.0003430272326315233,0.25910082867633305,0.03518840425053081,-0.032167918794288375,-0.026942994828087284,-0.5744026032862644,-0.8696384530195574,-0.8624865418773907,-0.027702746321425074,-0.6149272473107052,-0.6883234289748368,-7.46848128106185e-05,0.6662385676504676,0.466566099614028,-0.01472589570567958,-0.04278278442157307,-0.027638027948099653,-0.1324537248490854,-0.12984082923228382,-0.08811168713507359,-0.09365892703420214,-0.008249616587956863,-0.00017133057699512938,0.6380988071151664,0.409134197609693,0.017087341420097497,-0.042740796383478295,-0.3966086734370418,-0.5306153182328314,-0.5270683862451664,-0.08503168984165067,-0.3752016897238974,-0.49071253671237386,-5.98742066389482e-05
infrared_Mean_NN,80231.8606131038,51641.54995673382,-2377.2617171500106,-2043.478458108521,61234.31107210569,92445.10894262431,91622.84109758295,-5319.220636938661,65368.563420858605,73211.3428747193,4.290875878829562,111444.19733642887,45563.88163427,-2057.584008865586,-2183.2255690182947,114985.76931615888,171244.3238465051,169688.90097573373,-6246.898268573397,121088.02263156927,138081.46531866048,5.861343859473297,6207.548033593387,419.8594195683944,-215.49260106004098,-469.8750852651358,-2902.782266310581,-1375.2386977698347,-1385.7503300770977,-1535.4066359959634,-972.4406089432014,-4283.144451327537,3.3666847545038303,8883.186806579793,5405.491137881856,-670.4714120726466,-546.9024773901848,1359.1844768582444,3328.4963793475904,3297.1689266440117,-1910.6316364065854,2353.602360991579,1289.1416403478277,1.8963654310079259,4091.919099292775,5657.068510408277,-206.69516066675234,-395.6060431213612,-7642.851281563719,-8643.145391143122,-8619.456076751776,-1132.0458496725837,-6111.626716858574,-9927.721462201069,1.747336292103445
infrared_Median_NN,32554.712473235526,31221.951898621614,-1405.5028448588519,-1316.1902380963058,9204.675270285825,16349.659563413321,16145.199526127562,-1971.6165433243505,11560.955147381028,10295.550879976121,2.1672301657101056,45563.88163427,42326.39813331338,-1703.058615487876,-1933.5186062828718,5280.20656717796,15453.190495158475,15140.831789579814,-2556.521138203021,10927.055790094051,4143.433241890205,4.69617988712832,902.7011959121705,208.38238535822663,-42.64798568111566,-174.90954199589027,-5798.714473802262,-6538.760786144652,-6501.0151908326525,-81.44946677352566,-4623.602092439551,-7547.298233327955,1.7974712725491848,2888.9478066589863,2396.3927532671005,-360.37586786923106,-242.4484386946785,-2846.598281610343,-3326.7710013562646,-3307.741306515371,-373.95194206438464,-2352.3823345137716,-3670.9026203855674,0.501631945185898,757.089222930906,2703.048472590667,-129.3132753817517,-195.95253595002603,-8188.42617205226,-10158.326531480541,-10106.813608735742,-60.716147264234834,-7183.021575917151,-10396.859479813407,0.7680370263977084
infrared_Heart_Rate,-1595.7456885300178,-1303.6478890122526,170.53437645692682,70.03279890579101,-303.5337354184104,-732.0383699261951,-718.329686573401,108.96503971100509,-517.6292954635576,-285.7612339863501,-0.21795033859778198,-2057.584008865586,-1703.058615487876,1954.7130902331446,98.48663000941791,-218.1870048443105,-561.5085972371965,-545.0875177184183,118.09835401794714,-397.04653680096555,-187.36788978674812,-0.19796531120716587,-175.15819370063653,-14.76268958283165,24.76398070298017,13.444576868196478,86.21734312884549,104.84097939807216,106.0845475862535,52.750106778063305,74.13376747861479,110.00801208025443,-0.014843110402782984,-228.5739328447893,-129.04372214338883,54.60160365284396,15.198063124354272,28.908657961201627,41.43991799602548,42.87785313161816,59.94546275196758,29.30244702680368,35.98571896502336,0.0018042800899357326,-100.8464857510489,-160.6099505914437,0.20182882279579928,13.526804152553,214.58016883104378,291.6794516011474,290.25769056371547,50.20957691549653,206.24851815994566,267.63629352038055,-0.021131595933779078
infrared_Mean_HR,-1667.7824936811178,-1491.5863741013563,77.21750902470131,83.15024124868543,-43.877126479229624,-295.30076290100345,-286.3795373812596,82.76333735955234,-208.80917193685994,14.444144655415098,-0.13580186894963267,-2183.2255690182947,-1933.5186062828718,98.48663000941791,126.01211655479412,823.103994643536,605.9874699997368,614.979846940068,103.69261095354985,428.4978493508916,1168.5815844871634,-0.27835767066301526,-167.7617151840564,-17.65226045788177,-0.1629875549204892,13.409150059694777,155.4663312653688,139.87800060904294,138.5397411257346,17.94916146815905,98.90868276946938,212.13249647969812,-0.10443361757125016,-321.8771726530389,-174.08474288936816,23.542737925083074,19.505272391300508,-51.483121494179954,-100.22294058850737,-100.190699023076,40.73151001483878,-70.86832092059073,-55.43699697792878,-0.039057574766499396,-285.2507390803439,-198.65316028420116,17.328876651263585,19.524322655936942,110.95977793200183,136.03296175736497,135.55320516306062,34.599788713854565,96.18982972352498,141.83961638127863,-0.0330154788662734
infrared_SDNN,74297.19107394101,31870.67769467241,-1072.7456934067118,-454.11318254415505,103629.40102935006,148222.99772226487,147147.07885922826,-5980.465299051216,104809.48681721176,126313.55189554466,2.466609798933208,114985.76931615888,5280.20656717796,-218.1870048443105,823.103994643536,249840.48566680774,345111.8117881399,342587.53983845434,-7181.799496371303,244030.90238296866,307854.33100884635,-1.2807425598265552,6144.924316631423,-5.280703210606312,-429.9548297559963,-391.30402952534354,1695.478729857246,4045.7315986909744,3976.096470264828,-2330.4183736371506,2860.764248295044,1654.9526974285432,1.8620939408639434,3245.116665286465,2635.3199900767213,-265.96126873738496,-208.1143724833734,207.8667892261808,1388.4532827993971,1341.4485369170857,-1792.5950980294142,981.7847316282157,-28.03258277210689,1.6097669131353798,-2202.4437295728867,2051.3556773718324,194.76351792550986,0.4888731435285451,-7487.987880207017,-8303.167526471983,-8299.493088840833,-891.0934190881118,-5871.226063296251,-9756.458505098239,1.4148475128312583
infrared_SDSD,113527.74696208375,51656.93591492766,-1701.8814880787897,-1072.0211159300634,145701.28805544385,210090.39354403698,208538.6047726701,-8756.909329109472,148556.34193713876,177101.24967042505,4.417588550949744,171244.3238465051,15453.190495158475,-561.5085972371965,605.9874699997368,345111.8117881399,488162.379838984,484516.45392180735,-10416.051478259178,345182.9291043091,422079.11678156396,4.0374417005432335,9685.788989930055,79.13911749003486,-641.779842055376,-608.7509697079954,3076.5767285209654,6895.375715706445,6804.271668934714,-3242.087982737459,4875.766927405033,3111.915235115827,3.0174216588350413,6751.469706719272,4732.338314448946,-556.5488792493973,-408.49281171386156,1681.936965229719,4111.936489386215,4044.4781365763924,-2669.639803864556,2907.5781754534673,1607.71787843275,2.590370216562875,-1215.2249909035193,3902.5817671493373,181.7113272202533,-97.7621430729556,-9655.514768990024,-10426.737359537869,-10414.55258937983,-1340.2413180696778,-7372.816692580343,-12651.419752706004,2.123889064961006
infrared_RMSSD,112480.28414902919,51125.25837403321,-1678.7124879744108,-1055.0998356611155,144583.04850179065,208447.2295348702,206909.37422361816,-8676.473708790501,147394.44952365555,175751.27767359532,4.364967053631805,169688.90097573373,15140.831789579814,-545.0875177184183,614.979846940068,342587.53983845434,484516.45392180735,480901.9497344947,-10321.136543115304,342604.87016456947,419013.7044470935,3.9745595909479063,9582.187902387122,76.73549406382762,-637.7757801575395,-602.0604969975309,3061.752246885969,6843.8855512939535,6754.238276562392,-3204.684186379439,4839.35788298455,3101.8848386617296,2.9799609856659615,6658.120873856832,4673.547927634657,-549.7418913467814,-402.89208076480634,1659.2763195997532,4059.228813487381,3993.01461091985,-2634.603490806526,2870.30822040479,1585.5808637510222,2.559974957226781,-1246.8391610222525,3849.280796671742,182.4770776580045,-94.20275315926868,-9563.688147187248,-10324.031294827131,-10311.83160500885,-1314.7316485738775,-7300.192537754372,-12532.011858440814,2.1051168138660916
infrared_NN_Count,-4361.258247002814,-2958.7596917782007,127.92937902111356,97.26811104901762,-3658.7695929983847,-5380.577737819173,-5328.672429602961,1385.496896886654,-3804.6430051133134,-4415.106196401076,-0.17034978723058836,-6246.898268573397,-2556.521138203021,118.09835401794714,103.69261095354985,-7181.799496371303,-10416.051478259178,-10321.136543115304,1352.7979690853037,-7365.260633465237,-8703.256058410112,-0.27764218515990563,-273.84214745432473,-17.6459266056526,10.059045719602176,23.78019873030009,266.8586496412615,188.30220800397518,193.25091218676098,1698.8652686318433,133.14976819201107,377.5471177812493,-0.22659307535241113,-381.69974196874716,-249.91508584760848,32.67537059080155,25.97280173251886,62.33260170275774,-21.539242292360488,-16.66962318424423,1706.9990124317176,-15.230544286549764,105.92217791614677,-0.14528858924265844,-24.20215076246873,-262.94621363428337,7.111561749845748,14.07670023884425,664.1414272372451,783.7512907343006,783.5655462974877,1635.0771465483722,554.1958524419334,854.5526302881531,-0.12692527118045147
infrared_SD1,80276.23972972017,36526.96968076423,-1203.4119409963644,-758.0334006493194,103026.36881161889,148556.34193713893,147459.06157393672,-6192.06996884905,105045.19677201845,125229.49459856917,3.1237068208686174,121088.02263156927,10927.055790094051,-397.04653680096555,428.4978493508916,244030.90238296866,345182.9291043091,342604.87016456947,-7365.260633465237,244081.18991949185,298455.0056734727,2.8549024050994753,6848.88707592155,55.95980663432329,-453.8068783461874,-430.4519387344094,2175.4682675779127,4875.766927405088,4811.34663813926,-2292.502397797073,3447.6878578532114,2200.4563652281627,2.133639316661419,4774.010012596753,3346.2685130157734,-393.5394865790222,-288.84803722883186,1189.3090336422702,2907.5781754534187,2859.8779167339176,-1887.72040863815,2055.968244693171,1136.828214074674,1.8316683459152814,-859.2938317352276,2759.542031686284,128.48931169585012,-69.1282743102159,-6827.479968999691,-7372.816692580363,-7364.200758974405,-947.6937244334679,-5213.368679768882,-8945.904698775837,1.5018163603218853
infrared_SD2,88377.07996126146,37061.090800714366,-1251.4510552344345,-430.75267010638345,126926.57958542167,181061.94352818537,179756.11845336316,-7221.877072023151,128030.12808359567,154851.66904739037,2.749797868232972,138081.46531866048,4143.433241890205,-187.36788978674812,1168.5815844871634,307854.33100884635,422079.11678156396,419013.7044470935,-8703.256058410112,298455.0056734727,380220.8404965472,-3.2110172219984787,7226.429084213602,-31.06691510031468,-515.6200666873118,-462.2295603305795,1895.5928033536238,4628.574237110139,4541.722308584284,-2860.36567488673,3272.8962302859077,1824.94080836494,2.1605284669257174,3345.309421855678,2928.2980619751947,-272.15254526611,-221.25913835382593,-124.47584683949616,1103.3774941335037,1046.4911337894289,-2148.874220020137,780.2057083104943,-481.3819345539705,1.8734476178382946,-3243.055113518996,2214.8379871720035,267.1675095883785,29.628984338799444,-9395.319462406467,-10491.550729881217,-10488.842877203708,-1061.350010201661,-7418.646666261599,-12222.984265306379,1.6967926216237146
infrared_SD1_SD2,5.4057579838677166,4.365252437669464,-0.17358936549534443,-0.234311969831626,0.9156102990574152,1.9413564475581926,1.9068740075353512,-0.2974289725857004,1.372746308768616,0.9307038386313791,0.0003430272326315233,5.861343859473297,4.69617988712832,-0.19796531120716587,-0.27835767066301526,-1.2807425598265552,4.0374417005432335,3.9745595909479063,-0.27764218515990563,2.8549024050994753,-3.2110172219984787,0.003746080317132884,0.6829763069844379,0.040302664097265524,-0.054209040127824154,-0.03902096950058726,0.4198524943152084,0.7750139680991136,0.7703297664340457,-0.0793361521201224,0.5480176323571786,0.46433030087080546,0.0003106486067224716,1.0921088846533737,0.4835025274722639,-0.126396862457998,-0.06175480973465422,0.5414417206056263,0.8824872323062981,0.8767164532231293,-0.1466225964927211,0.6240127062743328,0.6299274329787935,0.00017326136623111184,0.9117715215376102,0.5051200626136795,-0.06164162542881298,-0.051744471215765496,0.10825468852927769,0.20855192177636353,0.20809288395637565,-0.10776308828570712,0.14746847811754768,0.11765089249294951,0.00012012571961194693
ppg0_Mean_NN,4540.398925158545,1589.3397834247394,-105.21906354106886,-174.57300483073053,2144.855564858211,3574.8487401949674,3524.8917625338936,-226.52147346285037,2527.799785908018,2463.3780109705444,0.25910082867633305,6207.548033593387,902.7011959121705,-175.15819370063653,-167.7617151840564,6144.924316631423,9685.788989930055,9582.187902387122,-273.84214745432473,6848.88707592155,7226.429084213602,0.6829763069844379,8147.339803294555,87.5050271120247,-189.00970870652682,-252.21622848203037,12790.596600291714,17110.245606450375,17018.56871570521,-1344.6074362782467,12098.770696088357,15925.475954198506,0.012528332349139871,6849.327884203727,693.1595253080301,-206.9604502362908,-224.63160361889953,10475.350137009927,13402.36868248593,13328.693680083465,-1131.640571317505,9476.905779347997,13197.40493600927,-0.22558575036221937,10408.509421072986,835.6723592225288,-227.6128192725614,-237.0844022218486,21652.589509284047,26283.43440973207,26083.198733421028,-1332.3193237887442,18585.19470399339,27600.42149925839,-0.3509529305522145
ppg0_Median_NN,461.7760724669291,259.7853071503699,-17.00057129578265,-16.945539210002323,188.72558121091086,321.09196435994676,317.2918802348054,-23.25035364734487,227.0463053834278,215.51629497783378,0.03518840425053081,419.8594195683944,208.38238535822663,-14.76268958283165,-17.65226045788177,-5.280703210606312,79.13911749003486,76.73549406382762,-17.6459266056526,55.95980663432329,-31.06691510031468,0.040302664097265524,87.5050271120247,37.957485206232796,-1.0077029437619047,-5.306785593140484,18.108749692905285,44.08208823105464,43.936481029166615,-12.0632494173565,31.170743517042563,17.17661908061887,0.026573187065991846,126.70199306420491,94.29794048257843,-7.303967033391814,-6.8982857313875385,58.27896977521775,97.77418126035337,97.33412073480955,-18.049555573828044,69.13678659415878,67.04395828786728,0.026038456207136174,105.70083139336008,95.92143575531038,-2.918364091617023,-6.0453462026697995,21.584523436896877,34.837001819984984,34.6855901986792,-14.715529445508036,24.6334802231192,25.405607615445373,0.004541129286612464
ppg0_Heart_Rate,-229.72622756311472,-263.75105185067866,40.914538867252,6.080485611609333,-190.4155058517893,-308.16084600350314,-306.66770892387916,14.989390485637745,-217.90262390526007,-221.55650576374833,-0.032167918794288375,-215.49260106004098,-42.64798568111566,24.76398070298017,-0.1629875549204892,-429.9548297559963,-641.779842055376,-637.7757801575395,10.059045719602176,-453.8068783461874,-515.6200666873118,-0.054209040127824154,-189.00970870652682,-1.0077029437619047,456.52425094829835,7.9796379115440725,-229.39845737815244,-265.6187602560657,-264.7296109844199,37.29924915660701,-187.82082658742704,-297.0933630108436,0.0707950724224277,-105.52929384023986,3.6443349000865983,157.39843108293695,3.8457035282536385,-173.1670759772247,-211.39262161182552,-210.65804382157597,22.585590420014146,-149.47715623452422,-221.36050400854828,0.039852410886528716,-130.1762958201157,6.501801493646751,160.87230420359168,4.182288250832972,-242.71974070549695,-267.40245454653603,-266.23572212014165,26.19924389582449,-189.0820889157831,-316.7223662090268,0.04137640942383897
ppg0_Mean_HR,-357.7702893790871,-221.73247273018862,10.933386805178243,12.870484749975528,-178.85850313833777,-298.1524132129106,-294.52522617943737,21.32319582251769,-210.82559320998124,-205.774243955619,-0.026942994828087284,-469.8750852651358,-174.90954199589027,13.444576868196478,13.409150059694777,-391.30402952534354,-608.7509697079954,-602.0604969975309,23.78019873030009,-430.4519387344094,-462.2295603305795,-0.03902096950058726,-252.21622848203037,-5.306785593140484,7.9796379115440725,11.662190804266162,-219.38062158325744,-310.82690451878835,-309.0102383020812,48.44041040676977,-219.7878119604581,-268.61185096594727,-0.018007490233245986,-225.80206246529016,-42.88129769276275,8.994569425763657,10.440522866019023,-202.40336022443663,-274.8654839223936,-273.2413711783151,42.779134893148104,-194.35924759564676,-250.9512791177719,-0.008542544779731032,-281.5474225350825,-49.15036708101462,9.593256116727362,11.118889554291092,-330.6724765965876,-416.55333021901544,-413.3724741560622,46.00650714773252,-294.5476845237056,-417.5702105586411,-0.008808451575936817
ppg0_SDNN,-2611.4289340753257,-5574.99046322064,208.21830078308597,99.94836991905281,-764.5616270760205,-1780.3384882386015,-1769.8917098832933,277.36352288522727,-1258.8894178409435,-755.674061216907,-0.5744026032862644,-2902.782266310581,-5798.714473802262,86.21734312884549,155.4663312653688,1695.478729857246,3076.5767285209654,3061.752246885969,266.8586496412615,2175.4682675779127,1895.5928033536238,0.4198524943152084,12790.596600291714,18.108749692905285,-229.39845737815244,-219.38062158325744,30069.109187211656,39409.4721762146,39215.313853122694,-1916.2796096180994,27866.705018783956,37655.94108625106,-0.8796863283144013,9890.38329660264,117.35641323685157,-250.06055959944393,-194.25805867459798,22213.424437209058,27873.987446412295,27732.11819077262,-1484.838679281404,19709.885542066724,28127.142526341668,-1.111389204276612,16710.527398215287,259.1039450957151,-203.51227519588255,-201.02227685722377,45055.18783938555,54882.96312061827,54483.798593997875,-1898.063237673825,38808.1153942004,57402.013660046425,-1.4566928295358197
ppg0_SDSD,-1675.923139438497,-6306.978304314044,216.9600983663478,78.22818891170415,111.08715818414656,-807.3270012960019,-813.5674644811417,233.01162210288763,-570.8663972514469,382.0309417547535,-0.8696384530195574,-1375.2386977698347,-6538.760786144652,104.84097939807216,139.87800060904294,4045.7315986909744,6895.375715706445,6843.8855512939535,188.30220800397518,4875.766927405088,4628.574237110139,0.7750139680991136,17110.245606450375,44.08208823105464,-265.6187602560657,-310.82690451878835,39409.4721762146,52916.88528867139,52653.929242298254,-2633.3334555831666,37417.88842689016,49015.74441165347,0.3669557479347094,13646.282298914908,342.6510429361676,-355.1161464893245,-293.3463528404937,29076.836297440375,36897.98568330314,36704.58241901982,-2112.167240158281,26090.815888787776,36712.708142053256,-1.04726798477939,22822.78523798323,554.890029113072,-288.4030571656617,-298.19867640739864,59309.927675359984,72420.01018691144,71871.34235458169,-2622.8915068153915,51208.68029676399,75518.09166959743,-1.6888311014880177
ppg0_RMSSD,-1667.0758063604915,-6274.935979976983,216.5467977952027,77.3173601540391,104.4922227309103,-807.8521709545452,-813.0496573870039,237.65644944269806,-571.2377482782782,371.7796570398555,-0.8624865418773907,-1385.7503300770977,-6501.0151908326525,106.0845475862535,138.5397411257346,3976.096470264828,6804.271668934714,6754.238276562392,193.25091218676098,4811.34663813926,4541.722308584284,0.7703297664340457,17018.56871570521,43.936481029166615,-264.7296109844199,-309.0102383020812,39215.313853122694,52653.929242298254,52393.54432532114,-2611.1258424063676,37231.95042334577,48774.978461058265,0.3612821974253094,13573.644837196343,340.79899725410627,-353.0053057739375,-291.7402221308915,28929.361041784774,36710.35450192785,36518.90125916284,-2092.3089089967098,25958.140608075333,36526.79711297894,-1.0461308254046395,22699.31867525608,552.4682396374338,-286.6867508735638,-296.7318075261069,58985.584743136606,72025.8622338682,71481.08437401715,-2600.5388252541943,50929.975606376196,75104.83515897559,-1.6847488517407516
ppg0_NN_Count,-914.9031111456934,-296.8940285766368,33.653582054549126,21.996990809799563,-703.2346077388796,-1054.6075510179844,-1033.01864778296,1831.9559575367061,-745.7201508153493,-840.0081526045864,-0.027702746321425074,-1535.4066359959634,-81.44946677352566,52.750106778063305,17.94916146815905,-2330.4183736371506,-3242.087982737459,-3204.684186379439,1698.8652686318433,-2292.502397797073,-2860.36567488673,-0.0793361521201224,-1344.6074362782467,-12.0632494173565,37.29924915660701,48.44041040676977,-1916.2796096180994,-2633.3334555831666,-2611.1258424063676,2904.3539989238316,-1862.0479435682626,-2366.9404138623113,-0.07526127743915595,-1057.4269083993495,-127.91066129465456,53.72199303097708,39.883832160323266,-1446.6099736514698,-1917.7553087054603,-1900.520430242434,2849.03667572615,-1356.0577834421292,-1804.4178769048253,-0.027447142463129643,-1428.899448092445,-142.6613787986613,51.66809966601263,42.57906731917715,-2436.894188453683,-3032.8513923164346,-3004.9368552326096,2838.025811190823,-2144.54978583801,-3087.4756342207943,0.012001790874835773
ppg0_SD1,-1185.0566166444041,-4459.707127776906,153.41395680174372,55.31568285940743,78.55048285473866,-570.866397251412,-575.2790710873576,164.76409808423006,-403.66350064803754,270.1366695378586,-0.6149272473107052,-972.4406089432014,-4623.602092439551,74.13376747861479,98.90868276946938,2860.764248295044,4875.766927405033,4839.35788298455,133.14976819201107,3447.6878578532114,3272.8962302859077,0.5480176323571786,12098.770696088357,31.170743517042563,-187.82082658742704,-219.7878119604581,27866.705018783956,37417.88842689016,37231.95042334577,-1862.0479435682626,26458.442644335653,34659.36525838677,0.2594768977600164,9649.37875154869,242.2908760408084,-251.1050352914364,-207.427195329854,20560.42812137123,26090.815888787773,25954.0591291095,-1493.5277785159985,18448.99284165155,25959.804882968478,-0.7405302937570781,16138.146207342163,392.36650239865605,-203.93175743677085,-210.85830622852487,41938.45205093071,51208.680296763945,50820.713551904744,-1854.6643707857604,36210.00509345572,53399.35472183943,-1.1941839241409256
ppg0_SD2,-3741.2002820517937,-7251.290446839554,275.40527508852267,139.53843059029214,-1252.323978441718,-2634.102337011495,-2615.6141418176553,382.8406410756038,-1862.5916248401895,-1309.724435406475,-0.6883234289748368,-4283.144451327537,-7547.298233327955,110.00801208025443,212.13249647969812,1654.9526974285432,3111.915235115827,3101.8848386617296,377.5471177812493,2200.4563652281627,1824.94080836494,0.46433030087080546,15925.475954198506,17.17661908061887,-297.0933630108436,-268.61185096594727,37655.94108625106,49015.74441165347,48774.978461058265,-2366.9404138623113,34659.36525838677,47247.11379769641,-1.5103114696550164,12203.45360239553,95.59775160878276,-305.957466062871,-232.9568086885719,27829.273005971365,34812.33812703362,34636.7406259185,-1814.6675232903674,24616.040358584447,35265.85164822269,-1.5029332663528043,20676.291209888434,266.0143457459446,-248.9041790807592,-242.48411866183056,56339.50468671546,68583.88881546714,68091.03766228649,-2340.177238055299,48496.132861561055,71790.34486097413,-1.8838316565457975
ppg0_SD1_SD2,2.6049789096165905,1.8833954585664245,-0.06864977212244393,-0.0936276213975553,1.2888920252830467,1.89449216234293,1.867839403669496,-0.19799662204916427,1.3396082548974508,1.5557714580013233,-7.46848128106185e-05,3.3666847545038303,1.7974712725491848,-0.014843110402782984,-0.10443361757125016,1.8620939408639434,3.0174216588350413,2.9799609856659615,-0.22659307535241113,2.133639316661419,2.1605284669257174,0.0003106486067224716,0.012528332349139871,0.026573187065991846,0.0707950724224277,-0.018007490233245986,-0.8796863283144013,0.3669557479347094,0.3612821974253094,-0.07526127743915595,0.2594768977600164,-1.5103114696550164,0.00232344769548664,0.47421451582372875,0.24719774947860657,-0.019875661072897094,-0.04232557586078329,-0.8160467075497908,-0.666895547867923,-0.6700816717299709,-0.1569792451138549,-0.47156636424052295,-1.129374613598753,0.0006581013285083731,0.2701393151122501,0.27388438704520307,-0.023246879953139243,-0.032964095498491754,-1.283634481471895,-1.412157713132299,-1.4145813256763802,-0.10297632984270073,-0.9985462950607369,-1.6803570830758678,0.0005040233927345853
ppg1_Mean_NN,7937.055554175492,3819.3092772622417,-184.47125426586396,-292.03641004739706,2967.789371440462,5261.767247474912,5190.746025073893,-385.0169934786278,3720.631301714751,3316.215106144965,0.6662385676504676,8883.186806579793,2888.9478066589863,-228.5739328447893,-321.8771726530389,3245.116665286465,6751.469706719272,6658.120873856832,-381.69974196874716,4774.010012596753,3345.309421855678,1.0921088846533737,6849.327884203727,126.70199306420491,-105.52929384023986,-225.80206246529016,9890.38329660264,13646.282298914908,13573.644837196343,-1057.4269083993495,9649.37875154869,12203.45360239553,0.47421451582372875,8301.378249386647,1186.548480494389,-290.67718077000393,-299.41983254931193,11307.868979350304,14951.172890562397,14873.335364032251,-1316.6948698145534,10572.07573760915,14122.8685388229,0.09962521006141958,10653.181290040638,1347.762329915105,-221.75180313124994,-267.66166792259656,20300.484572610618,25023.654285687957,24825.486512138046,-1297.9748172882723,17694.395635477733,25782.736927530284,-0.09626091086860769
ppg1_Median_NN,4869.866604895729,2840.26378728302,-168.78227409693633,-161.205119137069,2440.581262715428,4154.663221763546,4109.944529017574,-269.8085905260653,2937.790537655344,2781.5890019167296,0.466566099614028,5405.491137881856,2396.3927532671005,-129.04372214338883,-174.08474288936816,2635.3199900767213,4732.338314448946,4673.547927634657,-249.91508584760848,3346.2685130157734,2928.2980619751947,0.4835025274722639,693.1595253080301,94.29794048257843,3.6443349000865983,-42.88129769276275,117.35641323685157,342.6510429361676,340.79899725410627,-127.91066129465456,242.2908760408084,95.59775160878276,0.24719774947860657,1186.548480494389,1135.4278812291782,-61.286205044616516,-66.1511844572613,398.5173510887904,692.6028568939842,688.1863645450749,-198.01564201657476,489.7441767789145,452.92583592387217,0.18613398803348286,965.6161259825884,745.5890749844876,-58.040535412881816,-55.830098202221485,146.86758158917044,306.2419636616756,303.1579832641208,-163.70675361710562,216.54576918905258,153.8493880583202,0.1382553521480106
ppg1_Heart_Rate,-662.6922654702554,-410.2310301596514,19.01322232436803,24.905561792269168,-306.8773973433844,-462.1078262135485,-456.452257795762,39.66909778119586,-326.7595775549733,-366.3168603336277,-0.01472589570567958,-670.4714120726466,-360.37586786923106,54.60160365284396,23.542737925083074,-265.96126873738496,-556.5488792493973,-549.7418913467814,32.67537059080155,-393.5394865790222,-272.15254526611,-0.126396862457998,-206.9604502362908,-7.303967033391814,157.39843108293695,8.994569425763657,-250.06055959944393,-355.1161464893245,-353.0053057739375,53.72199303097708,-251.1050352914364,-305.957466062871,-0.019875661072897094,-290.67718077000393,-61.286205044616516,438.8246371567816,12.762455342928103,-342.9487083315398,-426.5838308668058,-424.5304358810296,65.69608955155684,-301.6403195504531,-435.5783360704335,0.05954041298055434,-203.14870056746366,-72.38287650720294,170.8056004014298,9.711980813574044,-178.0720725558778,-245.74610580942348,-245.17812062149247,57.102268273720426,-173.76873786802997,-219.6318740306858,0.013051859646246205
ppg1_Mean_HR,-484.0289388163826,-296.8184418068983,13.948097464917382,17.424550681682458,-193.6871631190011,-341.5271307982949,-337.1940362913036,26.34531022191871,-241.49615014665832,-217.28449688168814,-0.04278278442157307,-546.9024773901848,-242.4484386946785,15.198063124354272,19.505272391300508,-208.1143724833734,-408.49281171386156,-402.89208076480634,25.97280173251886,-288.84803722883186,-221.25913835382593,-0.06175480973465422,-224.63160361889953,-6.8982857313875385,3.8457035282536385,10.440522866019023,-194.25805867459798,-293.3463528404937,-291.7402221308915,39.883832160323266,-207.427195329854,-232.9568086885719,-0.04232557586078329,-299.41983254931193,-66.1511844572613,12.762455342928103,14.069678144120253,-256.7716064274789,-354.7390046647879,-352.806488208015,52.354733971756744,-250.83835574983766,-316.77368556290475,-0.01632358441139628,-316.242107863892,-70.4716706375173,9.340088763942843,12.655987459874481,-363.36410493176214,-470.6219357417861,-467.14633171830883,48.080804764353694,-332.77996213815646,-455.6513821704764,-0.017215592665845054
