,red_Mean_NN,red_Median_NN,red_Heart_Rate,red_Mean_HR,red_SDNN,red_SDSD,red_RMSSD,red_NN_Count,red_SD1,red_SD2,red_SD1_SD2,infrared_Mean_NN,infrared_Median_NN,infrared_Heart_Rate,infrared_Mean_HR,infrared_SDNN,infrared_SDSD,infrared_RMSSD,infrared_NN_Count,infrared_SD1,infrared_SD2,infrared_SD1_SD2,ppg0_Mean_NN,ppg0_Median_NN,ppg0_Heart_Rate,ppg0_Mean_HR,ppg0_SDNN,ppg0_SDSD,ppg0_RMSSD,ppg0_NN_Count,ppg0_SD1,ppg0_SD2,ppg0_SD1_SD2,ppg1_Mean_NN,ppg1_Median_NN,ppg1_Heart_Rate,ppg1_Mean_HR,ppg1_SDNN,ppg1_SDSD,ppg1_RMSSD,ppg1_NN_Count,ppg1_SD1,ppg1_SD2,ppg1_SD1_SD2,ppg2_Mean_NN,ppg2_Median_NN,ppg2_Heart_Rate,ppg2_Mean_HR,ppg2_SDNN,ppg2_SDSD,ppg2_RMSSD,ppg2_NN_Count,ppg2_SD1,ppg2_SD2,ppg2_SD1_SD2
red_Mean_NN,141353.794791977,90643.84755038704,-3972.434942587834,-4178.0259869985875,87308.4659150461,137793.54681901482,136412.70957163832,-8559.528843374841,97434.75135947143,102660.14081990084,9.722647397516583,149226.38848626305,71939.01057299145,-3719.332107886887,-4158.25886826333,96639.485393111,158223.73374825058,156510.14325072,-7702.03554308652,111881.07507804282,111834.43451664719,11.852535079904248,14085.638080315435,979.8609300887259,-348.9219892773964,-778.6323991051922,7673.814226396946,13529.64092815495,13464.52438690946,-2642.5532039211366,9566.900847317422,8677.438498560732,4.618678000669285,19047.164222481253,9557.488170758317,-1210.245540311623,-988.2771873313741,12132.165887839068,18854.130127864795,18756.371019557682,-3301.6545188574064,13331.8832667868,14405.230891336036,2.7297157210729512,21041.773590339853,12432.412846291287,-872.1951527406461,-1138.944604447295,8818.162409337072,13423.664747143623,13340.015805831526,-3593.273023555001,9491.964371080056,10544.93521191739,2.075374538882375
red_Median_NN,90643.84755038704,73610.27206335258,-2664.6845439260965,-2867.6687765507313,49707.72602640614,78817.60414183476,78012.95001437892,-5900.378788944043,55732.46236556826,58353.267015017154,6.239862350371477,98091.75293717002,56627.414960978174,-2670.7417428008316,-2946.698579290225,56636.227066239975,93948.93068550447,92916.73763199654,-5412.639353141952,66431.92597294513,65180.58673022759,8.375764584571204,7177.035747658012,531.0388150286462,-324.97348517682696,-445.261089085392,1477.8993966078224,4097.973169794594,4073.779292800662,-1342.28256685515,2897.704617482289,1264.6991701020709,3.3817958181804104,9024.930195674775,4935.7460413837225,-686.3583032377489,-510.3065554175729,3705.143567850767,6616.078857293944,6576.644478273563,-1555.790479690346,4678.274224857493,4172.997880501207,1.7662470558927197,11566.17655597066,7546.875212696865,-587.2639512527809,-661.3162571619516,2849.5518984806517,4895.367696861422,4856.428763956251,-1940.6401123573978,3461.5476948522814,3255.6836951716796,1.6396344535327467
red_Heart_Rate,-3972.434942587834,-2664.6845439260965,1473.483927893941,122.06555682380858,-2307.0900361365475,-3691.980820416176,-3653.7889197997742,237.27133160405126,-2610.624674126952,-2697.84495992004,-0.2915962934873789,-4255.60928235804,-2262.5673900688316,313.124636041152,130.3887477224216,-2283.7898405076135,-3934.1260163538846,-3887.184886801217,214.9434258520448,-2781.847184206251,-2585.812063957819,-0.41389163074475344,-473.5809441472867,-34.32843545586466,39.488211644820126,26.881518282140753,-235.8043966585827,-376.4801192951241,-374.43343729241826,100.87953780995291,-266.2116453355024,-277.15147735935983,-0.08124042223516895,-644.7725538526504,-351.2557147757968,45.70841300066369,33.684314952238324,-389.0982900944061,-635.2503778610825,-631.7868350064113,121.67054330096134,-449.1898499368881,-454.1238064255155,-0.12970458626093873,-673.1149567142767,-368.8313437041585,36.82421835556802,37.95481022231833,-209.37554152235546,-329.6361729089269,-327.10039653117417,128.11672448043709,-233.08797318828357,-247.4394386305885,-0.06481443040518214
red_Mean_HR,-4178.0259869985875,-2867.6687765507313,122.06555682380858,130.67878932836254,-2383.227314193797,-3783.6738822325465,-3744.6551082066485,257.4374303130717,-2675.461459925064,-2795.819141133265,-0.2823672104414713,-4456.381842938289,-2288.9382380827988,121.72987100685101,130.27656873114472,-2690.939187554926,-4461.949399346709,-4412.493632544396,232.75082856301526,-3155.0746775893017,-3097.2828069485927,-0.3718632344987873,-403.7169647589102,-29.241921160129326,11.638500474313092,23.373034604231325,-157.4641201355558,-317.95643196551055,-316.27796340382315,76.5965743785634,-224.82914916469178,-167.05091824613802,-0.1654524862039394,-543.8517064840598,-279.385346201953,37.11716521677411,29.03188158640733,-295.9922695590922,-484.6138571406474,-481.95055445898413,94.80746537235115,-342.6737446411204,-344.69068028953717,-0.10350505880283443,-608.1922210328905,-375.2547766957517,29.663041433901178,33.76721192987726,-203.0820766863266,-334.5467843738881,-332.2590430449586,104.3560202523552,-236.56029985492984,-235.8642261500529,-0.09289896088820787
red_SDNN,87308.4659150461,49707.72602640614,-2307.0900361365475,-2383.227314193797,62615.06123756546,97664.9518620752,96737.74946427358,-5203.675710444067,69059.54974593112,73960.04101701944,6.079466103428519,89017.09199585684,37894.48070170592,-1816.8467628813567,-2285.619920380942,64539.3848251561,103833.26694681267,102747.32982670287,-4504.094684009272,73421.20717084424,75240.38190378285,6.598136863964166,8800.825175837097,637.0557126499641,-172.3049762352428,-453.8509833599944,6641.855891861995,10484.598076593164,10438.436600498642,-1619.8454908994825,7413.73039797446,7847.354267081273,1.8918610229381312,11826.643713706904,5750.565736745931,-695.8903891805837,-589.0638107289847,8842.652193215094,12988.846336003617,12925.52849001688,-2031.1965430403568,9184.501323978197,10704.751471296953,0.9113936012692263,12831.654954915055,6838.106750020198,-425.4756848503885,-661.5067288280339,7288.116599920358,10460.883492351266,10404.015255935918,-2175.397197664576,7396.961654643995,8889.88266608877,0.6296763539179416
red_SDSD,137793.54681901482,78817.60414183476,-3691.980820416176,-3783.6738822325465,97664.9518620752,154480.5095333455,153009.53260041057,-8171.083840077386,109234.21585218167,114740.3835766344,11.255329470924464,141752.03802458284,60683.56701254128,-3084.226422009591,-3673.1664666858196,101661.04669620578,164054.0111080935,162324.85296793003,-7151.609621003663,116003.703735386,118361.18088840602,10.533541099687335,13963.893378519693,1007.1523817508756,-266.00513440795345,-726.8286673596565,10123.725152455,16010.348949224917,15938.800352859485,-2562.0236336007183,11321.026311159865,11951.986846058431,2.950223459367758,18778.55732630532,9407.478838057135,-1128.166485923227,-941.1039784771219,13807.037119385626,20330.88745053111,20231.23229634886,-3218.8506731349294,14376.108383811039,16698.839931068633,1.4910587684047003,20309.09738848437,10822.87387826186,-705.7769947146415,-1051.5531324395267,11238.043469957169,16090.056060105739,16001.19165493912,-3433.422319772325,11377.387749772477,13717.598792696646,0.9286576593960315
red_RMSSD,136412.70957163832,78012.95001437892,-3653.7889197997742,-3744.6551082066485,96737.74946427358,153009.53260041057,151553.0173813482,-8090.038624126936,108194.07808793444,113652.46191803306,11.149124091758006,140316.60878518998,60049.83091727679,-3050.7658329554088,-3634.6995029138952,100674.355105321,162450.00071457465,160738.09559491306,-7079.518817572988,114869.49710903522,117215.94340944772,10.424566742093266,13819.0936922456,997.2260950224816,-263.19326999847993,-719.1174134477615,10029.473314683051,15857.036793452722,15786.197064462725,-2535.2402553550296,11212.61824617501,11841.887204399583,2.914954068888895,18583.50177577698,9311.665372337133,-1116.5830619638562,-931.1860885433837,13671.74882470106,20125.07251757884,20026.44713328847,-3185.33016224053,14230.575249051024,16537.031192823324,1.4664021458100949,20099.41756941376,10710.163069630837,-698.0881175262069,-1040.5228494941382,11132.123662222459,15934.497470363009,15846.52570476962,-3397.7924036562963,11267.39121609357,13589.391927103301,0.9133792128735521
red_NN_Count,-8559.528843374841,-5900.378788944043,237.27133160405126,257.4374303130717,-5203.675710444067,-8171.083840077386,-8090.038624126936,539.0435564237586,-5777.828792962535,-6131.310443653187,-0.5719652157154688,-9047.574194664063,-4621.474977942087,228.8323596215071,253.40265225054748,-5809.759175662242,-9500.38893728767,-9398.850920833747,481.728492157862,-6717.789441465765,-6727.080657246843,-0.7344803908851839,-744.4596575782688,-55.754380493245215,22.21802990917638,42.37925340209678,-350.17252809379477,-672.4194999277853,-669.1174762164461,140.57625417586783,-475.4723882010043,-381.086489035113,-0.30098559831868044,-1003.2005070478594,-527.9825654924178,70.93126679647088,52.801500129203376,-598.4952165162246,-935.1014140425827,-930.1282527984696,174.95481003340694,-661.2165509666397,-709.5298584990226,-0.13451419644875331,-1171.871026014981,-731.8845895407054,55.349621813177045,64.20182755094737,-446.2205000385045,-693.2819173870025,-688.7697830524544,199.74079610441086,-490.22434505836134,-529.7951900051455,-0.13216211033237385
red_SD1,97434.75135947143,55732.46236556826,-2610.624674126952,-2675.461459925064,69059.54974593112,109234.21585218167,108194.07808793444,-5777.828792962535,77240.25476667276,81133.70330298375,7.958719793379488,100233.82733419591,42909.76174115624,-2180.8774177177033,-2597.3209170205737,71885.21550140937,116003.703735386,114781.00428873263,-5056.951659410647,82027.00555404671,83693.99363543947,7.4483383414961155,9873.96369971721,712.1642788242268,-188.09403437030298,-513.9454794507946,7158.554706169743,11321.026311159862,11270.43381348548,-1811.6242848792683,8005.1744746124605,8451.330947500333,2.0861230141345755,13278.445226330821,6652.092080259141,-797.7341725037122,-665.4610049828116,9763.049575211944,14376.108383811032,14305.64154850857,-2276.071138600591,10165.443725265555,11807.862953207337,1.0543377662866267,14360.700483175304,7652.927511245713,-499.05969896818544,-743.560350725945,7946.496744875914,11377.387749772475,11314.551126273043,-2427.7962049882585,8045.028030052869,9699.807127912198,0.656660128359762
red_SD2,102660.14081990084,58353.267015017154,-2697.84495992004,-2795.819141133265,73960.04101701944,114740.3835766344,113652.46191803306,-6131.310443653187,81133.70330298375,87540.16886373046,6.673796077727952,104302.6838249792,44312.87733694782,-2074.6078864041997,-2668.5745006386833,75937.98411258431,122023.52432983762,120751.32108442902,-5284.255134856955,86283.66151790987,88575.31498680438,7.722161958496451,10323.160479978593,749.371368817753,-203.99936449369667,-530.4078685576602,7910.234498397703,12478.22261975835,12423.591388331646,-1901.8835776825158,8823.435831586496,9348.633626990897,2.233810666508046,13869.067386211333,6662.371971973504,-809.4071170708509,-689.0598706609303,10440.541542646622,15319.246197163453,15244.735115906346,-2383.359387752916,10832.342868680507,12644.27417636669,1.0534782503628133,15066.641101724668,8034.050804839137,-489.6921154723364,-775.434263068961,8640.791096195431,12412.698049839448,12345.616621096475,-2556.5850702229363,8777.102963862508,10537.436846152415,0.7566009539738343
red_SD1_SD2,9.722647397516583,6.239862350371477,-0.2915962934873789,-0.2823672104414713,6.079466103428519,11.255329470924464,11.149124091758006,-0.5719652157154688,7.958719793379488,6.673796077727952,0.00223278005704059,10.873871010534952,5.13940930515967,-0.38287360804909715,-0.3054139503977197,7.00755223389169,11.520707516566507,11.392363066221437,-0.5538184877265687,8.146370409031007,8.090539070710765,0.0007639510158032269,0.9273171892851595,0.08169312809248096,-0.019232229238648653,-0.05174962195633465,0.46798242320518824,0.7073097921472694,0.7035884252508477,-0.16081510525951093,0.5001435504269813,0.5603732966112595,9.95120755628336e-05,1.228394410924172,0.8353516076476776,-0.10277939707551194,-0.0631745917503241,0.8853561947185729,1.2570988687792293,1.250879193833708,-0.20233146636904484,0.8889031347357316,1.0818346743895364,1.778267507776993e-05,1.3328039818436819,0.8221234727422079,-0.06816967455781174,-0.0722200038610043,0.5083214831728848,0.6469424574238327,0.6422173124393639,-0.21295399145560218,0.45745739868188073,0.6418107478378349,-7.703624596105069e-05
infrared_Mean_NN,149226.38848626305,98091.75293717002,-4255.60928235804,-4456.381842938289,89017.09199585684,141752.03802458284,140316.60878518998,-9047.574194664063,100233.82733419591,104302.6838249792,10.873871010534952,170970.40947231837,84978.55503387375,-4147.990299864076,-4861.36979119433,108585.26164706363,178774.36156554273,176831.9023451232,-8962.843760193344,126412.563365291,125364.27262393029,13.944882988773202,15655.669593599192,1033.785126162816,-245.70547405749616,-876.299620871752,8026.392797315987,14841.859508075735,14769.22468090089,-2965.4856049344944,10494.779503578393,8891.376472175221,5.810720188902341,20888.007703996864,11093.774333636991,-1289.438898530477,-1111.3153804132398,11882.911268647054,19205.824319155865,19103.25442601873,-3674.269449991078,13580.56861435262,13910.05044877229,3.554167824540261,23098.213123427206,13645.21228560338,-870.0374836736853,-1268.4306067827235,8955.921944196658,13737.85236345583,13648.46641012888,-3974.6745476368073,9714.128565139257,10679.894099254883,2.2554582048956493
infrared_Median_NN,71939.01057299145,56627.414960978174,-2262.5673900688316,-2288.9382380827988,37894.48070170592,60683.56701254128,60049.83091727679,-4621.474977942087,42909.76174115624,44312.87733694782,5.13940930515967,84978.55503387375,59631.97625005659,-2612.3282310050827,-2790.292540249208,39962.07972988684,68326.43598123663,67507.65208560304,-4810.80029192621,48314.086216640935,45396.479205665535,7.324733769699102,5153.461935152049,451.2248249568259,-94.64939586931915,-334.82339083666034,-23.97734845861338,1883.7093957045608,1868.2031325769233,-929.2620519443286,1331.9836874875086,-550.882685264664,3.1092177451168976,5941.767723099402,3968.624903328421,-542.0261000599976,-356.1904476214906,1272.847266341024,3155.1742049543836,3132.241962861364,-1000.7249965005834,2231.045076148117,1195.820118054695,1.5877134276857958,9612.873218311232,6257.2423689314855,-422.41465520867894,-571.9039674531929,1317.7018187505716,2931.1427303822998,2901.587909205364,-1590.5485243290873,2072.6309012789743,1320.3576769255596,1.8646527915521816
infrared_Heart_Rate,-3719.332107886887,-2670.7417428008316,313.124636041152,121.72987100685101,-1816.8467628813567,-3084.226422009591,-3050.7658329554088,228.8323596215071,-2180.8774177177033,-2074.6078864041997,-0.38287360804909715,-4147.990299864076,-2612.3282310050827,1666.6394510547127,142.90363829310215,-1679.6986068753351,-3057.307297185128,-3016.7972839554936,216.36493157581418,-2161.8427220107187,-1851.036483423261,-0.41025915671504587,-330.5121643877708,-3.4032816681435527,-23.50515385097453,21.551662125245546,-26.03846517178062,-120.91955755761194,-119.97855214833228,66.90652565855223,-85.50303912706438,-8.78601839698642,-0.1209323901522824,-500.0400809804133,-258.68508861767435,30.12449362709281,26.93089270545483,-261.66308432284376,-471.31489928817564,-468.73120601746814,90.64000752838518,-333.26996136092373,-292.06292274918115,-0.1504482565026836,-584.1709937405243,-353.8303984653893,-10.611121762194333,32.437612057909234,-234.37922009611194,-355.8249737951016,-353.51798661653277,103.68178619948691,-251.60625188604183,-279.7601554611517,-0.06504955199112097
infrared_Mean_HR,-4158.25886826333,-2946.698579290225,130.3887477224216,130.27656873114472,-2285.619920380942,-3673.1664666858196,-3634.6995029138952,253.40265225054748,-2597.3209170205737,-2668.5745006386833,-0.3054139503977197,-4861.36979119433,-2790.292540249208,142.90363829310215,160.49824734597092,-2389.5087620736244,-4078.4511271658466,-4028.8959875596447,258.3397100564087,-2883.900448756889,-2716.304315480189,-0.400518240147267,-449.473226150193,-31.728961734858675,3.8957309992974523,27.258424482430584,-102.79919337807384,-243.96906646027134,-242.39376369870368,85.18512316713043,-172.51218129380945,-99.13443873013371,-0.16280612292708088,-586.8706931016624,-302.90935944676215,34.94499350924379,32.58180241060533,-258.98802533857105,-454.72042466022924,-452.0415534498083,102.4289787056917,-321.53589582127466,-293.4527630502593,-0.12426043968347081,-671.7439277680176,-397.29579119660514,24.379672441850158,38.884318223637955,-151.87359051174968,-275.3927613914739,-273.13074184202367,115.75617165927657,-194.7320890696,-169.5733174969122,-0.10464718914194357
infrared_SDNN,96639.485393111,56636.227066239975,-2283.7898405076135,-2690.939187554926,64539.3848251561,101661.04669620578,100674.355105321,-5809.759175662242,71885.21550140937,75937.98411258431,7.00755223389169,108585.26164706363,39962.07972988684,-1679.6986068753351,-2389.5087620736244,95607.7102431568,151354.15196332912,149907.15818544518,-5610.539777423069,107023.54721400925,112171.89309403715,8.241026362490256,9457.159590037481,571.9135363335636,-111.87908124356389,-475.2203366192885,8102.975889002507,13603.168700048802,13545.811129524243,-1827.258598522181,9618.892833429103,9355.242661357954,3.6181989771989227,13083.809330033657,7497.498979915296,-811.8562433404473,-658.4573453169846,9201.267625560686,14160.763213644195,14091.068217167505,-2347.264608421307,10013.171695144816,10963.612757713086,1.867230137469553,13789.02112414529,8033.595424943827,-495.0546553304288,-690.1768361676303,9030.761098515359,12791.857932617773,12725.07608445903,-2400.1542814741965,9045.209488128958,11057.597625591005,0.5436074489622731
infrared_SDSD,158223.73374825058,93948.93068550447,-3934.1260163538846,-4461.949399346709,103833.26694681267,164054.0111080935,162450.00071457465,-9500.38893728767,116003.703735386,122023.52432983762,11.520707516566507,178774.36156554273,68326.43598123663,-3057.307297185128,-4078.4511271658466,151354.15196332912,243969.67628033785,241605.0294553471,-9201.24007576417,172512.6125017137,176294.22482459276,16.348347729734602,16085.060243413393,891.5469702380808,-154.6164959461472,-816.3746174163834,13372.634341988994,22584.773665275497,22488.70552185495,-3099.181723376641,15969.846610279663,15401.95211347449,6.140840750251566,22294.22042709365,12320.358154264391,-1333.6050413814633,-1133.8065417792577,15061.326348031955,23337.53713322108,23221.161762347776,-3997.5511511014424,16502.130763093475,17903.28789301849,3.2290060120324715,23295.51673686852,13224.889847452201,-849.8775831134444,-1179.5449732711916,14556.251382461736,20616.179026118658,20505.99047189822,-4056.9085455446066,14577.839991524377,17821.57129356198,0.9510634221050303
infrared_RMSSD,156510.14325072,92916.73763199654,-3887.184886801217,-4412.493632544396,102747.32982670287,162324.85296793003,160738.09559491306,-9398.850920833747,114781.00428873263,120751.32108442902,11.392363066221437,176831.9023451232,67507.65208560304,-3016.7972839554936,-4028.8959875596447,149907.15818544518,241605.0294553471,239264.91098768922,-9102.879341092514,170840.5546966514,174618.56875418022,16.179363750406818,15901.456123888524,881.4067757291308,-152.193843247018,-806.6236773472833,13247.746753652362,22370.700745118334,22275.606461016032,-3063.805677776394,15818.474196768133,15259.030088113679,6.0777840988437974,22044.007241278894,12181.912292887482,-1319.2631750359892,-1120.729118120243,14909.396259617719,23096.191163021595,22981.07601867048,-3952.9021355164464,16331.473390953388,17724.331262238353,3.1885567909112695,23027.262767701195,13076.216838485325,-840.2552286673797,-1165.4120337379745,14420.965134099042,20418.10407106306,20309.07514041455,-4010.0872541540853,14437.779847621343,17657.714563852966,0.9317450432832347
infrared_NN_Count,-7702.03554308652,-5412.639353141952,214.9434258520448,232.75082856301526,-4504.094684009272,-7151.609621003663,-7079.518817572988,481.728492157862,-5056.951659410647,-5284.255134856955,-0.5538184877265687,-8962.843760193344,-4810.80029192621,216.36493157581418,258.3397100564087,-5610.539777423069,-9201.24007576417,-9102.879341092514,490.6992667459375,-6506.259252898266,-6489.112417836186,-0.7328123860881904,-716.9017726958868,-52.93481045775464,9.740169013248783,41.35605745244173,-305.02921667180823,-628.8253441320187,-625.6547049443467,134.752672555348,-444.64666501771455,-320.5528994031872,-0.32352505064593257,-937.0938951413311,-514.132635909631,63.75873821582975,50.53331955677011,-502.4498443902416,-834.0164270889219,-829.5207149944266,164.60937376139518,-589.7386712155518,-582.5569484322708,-0.17216736166885752,-1095.8525467159236,-681.96240913724,42.95888373088733,60.88600310576322,-395.13339914133115,-620.4387662236048,-616.2911216830723,186.49522110865752,-438.7164589077259,-467.34462257993255,-0.1241775282891269
infrared_SD1,111881.07507804282,66431.92597294513,-2781.847184206251,-3155.0746775893017,73421.20717084424,116003.703735386,114869.49710903522,-6717.789441465765,82027.00555404671,86283.66151790987,8.146370409031007,126412.563365291,48314.086216640935,-2161.8427220107187,-2883.900448756889,107023.54721400925,172512.6125017137,170840.5546966514,-6506.259252898266,121984.83814016894,124658.84185749525,11.560027540891038,11373.855173911743,630.4189084016681,-109.33037276682313,-577.2640279636984,9455.880425548525,15969.84661027966,15901.91617461099,-2191.4524127290338,11292.386832637749,10890.824782948286,4.342230136689566,15764.394445265569,8711.808797527321,-943.0011681853993,-801.7222942457813,10649.965994357015,16502.130763093475,16419.840949185877,-2826.6955270839185,11668.76856661054,12659.536274688386,2.2832520476002927,16472.41785588444,9351.409291578571,-600.95420219795,-834.0642493145644,10292.824061194753,14577.839991524377,14499.924917625965,-2868.6675432082448,10308.08951305933,12601.75391307719,0.6725033951089489
infrared_SD2,111834.43451664719,65180.58673022759,-2585.812063957819,-3097.2828069485927,75240.38190378285,118361.18088840602,117215.94340944772,-6727.080657246843,83693.99363543947,88575.31498680438,8.090539070710765,125364.27262393029,45396.479205665535,-1851.036483423261,-2716.304315480189,112171.89309403715,176294.22482459276,174618.56875418022,-6489.112417836186,124658.84185749525,131983.52285612267,8.706250116696962,10765.97679471353,675.9959273404027,-136.7106727766167,-538.6354498781458,9346.1236023905,15652.268274122081,15586.525846125702,-2082.181719477266,11067.825037582783,10801.059500724143,4.126226636764278,14888.13960936118,8663.628112799583,-938.4276997281631,-745.698999457557,10656.665535090578,16353.344716406895,16273.323984214454,-2671.0550747753755,11563.560944052502,12710.594922767523,2.1116490619188095,15739.797204152357,9276.238203888,-561.0147805818932,-783.8750451219393,10513.90345049162,14896.167671139805,14819.166454860024,-2738.667694270155,10533.181173954785,12873.34725337917,0.6150340056654998
infrared_SD1_SD2,11.852535079904248,8.375764584571204,-0.41389163074475344,-0.3718632344987873,6.598136863964166,10.533541099687335,10.424566742093266,-0.7344803908851839,7.4483383414961155,7.722161958496451,0.0007639510158032269,13.944882988773202,7.324733769699102,-0.41025915671504587,-0.400518240147267,8.241026362490256,16.348347729734602,16.179363750406818,-0.7328123860881904,11.560027540891038,8.706250116696962,0.0035069797006450675,1.520873974642302,0.03956368196463465,0.004630032345360121,-0.08250172978883073,1.056371763040661,1.8974789609547298,1.8891845737543407,-0.27663413496365746,1.3417202404498938,1.186689536330905,0.0006226853163519176,2.190167255364262,0.8130205548313161,-0.1027755898743097,-0.11759280525874911,1.130486841564341,1.8141338433361678,1.8043539995154427,-0.3817905911449515,1.2827863426030188,1.3279225960133592,0.00029247128108350265,2.0053686616782445,1.0089105432339605,-0.09036242864507799,-0.1094406416137745,0.8945111879948942,1.269367130668151,1.2613809175088377,-0.33897687283292727,0.8975781059107603,1.093351052393946,0.00010768015706220464
ppg0_Mean_NN,14085.638080315435,7177.035747658012,-473.5809441472867,-403.7169647589102,8800.825175837097,13963.893378519693,13819.0936922456,-744.4596575782688,9873.96369971721,10323.160479978593,0.9273171892851595,15655.669593599192,5153.461935152049,-330.5121643877708,-449.473226150193,9457.159590037481,16085.060243413393,15901.456123888524,-716.9017726958868,11373.855173911743,10765.97679471353,1.520873974642302,5804.810084332971,259.6358664362842,-235.35678311878326,-275.3733392014668,5867.937889900789,8281.319512933402,8246.79781382813,-1109.3144875328865,5855.777184767686,7194.876011697758,0.10336513725724787,6258.824805317587,1899.6315675007672,-320.57795609528296,-311.7650210890442,4809.570892963119,6814.345575875222,6781.723263935873,-1124.983554766901,4818.469966049919,5889.7822248739385,0.18669072104489357,4932.13493164914,1785.6206057419517,-188.4750480763949,-252.5453423191379,3212.377069563919,4391.911209092298,4369.497943043564,-893.8561517592535,3105.5501983183744,3979.035434158609,-0.11336825402494849
ppg0_Median_NN,979.8609300887259,531.0388150286462,-34.32843545586466,-29.241921160129326,637.0557126499641,1007.1523817508756,997.2260950224816,-55.754380493245215,712.1642788242268,749.371368817753,0.08169312809248096,1033.785126162816,451.2248249568259,-3.4032816681435527,-31.728961734858675,571.9135363335636,891.5469702380808,881.4067757291308,-52.93481045775464,630.4189084016681,675.9959273404027,0.03956368196463465,259.6358664362842,126.71755854091637,-10.66297406741836,-13.7186134371602,161.0544559079799,259.6634112368926,258.3662912370168,-43.56251772705971,183.60975891163795,188.57516407060993,0.0516223527970043,210.74488862626862,175.22241492083228,-21.759621976935723,-11.748164991279339,86.4499113540016,152.00673494364622,151.1544040788358,-35.1294812642546,107.48499306467835,97.51250643632125,0.04909858325657647,202.3723573324025,183.92748472774593,-15.064657764989407,-11.095702539913802,60.83600840101692,51.775604671050914,51.22244515166331,-34.72481788256614,36.61088116293385,83.97066005393471,-0.052483946765154485
ppg0_Heart_Rate,-348.9219892773964,-324.97348517682696,39.488211644820126,11.638500474313092,-172.3049762352428,-266.00513440795345,-263.19326999847993,22.21802990917638,-188.09403437030298,-203.99936449369667,-0.019232229238648653,-245.70547405749616,-94.64939586931915,-23.50515385097453,3.8957309992974523,-111.87908124356389,-154.6164959461472,-152.193843247018,9.740169013248783,-109.33037276682313,-136.7106727766167,0.004630032345360121,-235.35678311878326,-10.66297406741836,445.2291703639685,11.521713758600352,-241.7513367847737,-285.5185063961059,-284.62848725523156,41.81645540414093,-201.89207202694118,-311.9254737893167,0.08191498003852234,-173.62590306661932,4.28460576140795,151.3551311522,8.04191474788388,-205.9947385204868,-248.1332044101263,-247.17813063670752,30.153626916136925,-175.4566714759479,-263.87391505906896,0.06801592294062611,-142.8541759623619,8.823304638867977,162.0142776041658,6.790551802393655,-113.3974872545803,-125.24584608910033,-124.72909224839034,23.35686852925606,-88.56218708504942,-149.04686939486683,0.05661619843011121
ppg0_Mean_HR,-778.6323991051922,-445.261089085392,26.881518282140753,23.373034604231325,-453.8509833599944,-726.8286673596565,-719.1174134477615,42.37925340209678,-513.9454794507946,-530.4078685576602,-0.05174962195633465,-876.299620871752,-334.82339083666034,21.551662125245546,27.258424482430584,-475.2203366192885,-816.3746174163834,-806.6236773472833,41.35605745244173,-577.2640279636984,-538.6354498781458,-0.08250172978883073,-275.3733392014668,-13.7186134371602,11.521713758600352,14.559156717224738,-189.65217218124465,-271.994127227767,-270.7088519971444,52.79516101909036,-192.32889180567057,-231.40272977366567,-0.008844129284507079,-321.97642236021613,-107.4801830713154,16.958555617084645,16.73272158813977,-209.50650611634396,-308.56806282772783,-306.9955695945522,57.66576780321814,-218.19056968308314,-253.40389457982258,-0.02439429364825423,-244.55051918389196,-95.82037105959976,9.469826431142844,13.353733465724815,-113.40025731828983,-166.96961161530234,-165.99669030216822,44.20024772198072,-118.06534462526444,-137.26471382346537,-0.013155505863423
ppg0_SDNN,7673.814226396946,1477.8993966078224,-235.8043966585827,-157.4641201355558,6641.855891861995,10123.725152455,10029.473314683051,-350.17252809379477,7158.554706169743,7910.234498397703,0.46798242320518824,8026.392797315987,-23.97734845861338,-26.03846517178062,-102.79919337807384,8102.975889002507,13372.634341988994,13247.746753652362,-305.02921667180823,9455.880425548525,9346.1236023905,1.056371763040661,5867.937889900789,161.0544559079799,-241.7513367847737,-189.65217218124465,11722.387361337433,16277.632888701137,16220.235375201912,-1130.8511531495076,11510.024597265745,14443.013310578923,-0.1465083058693428,4859.073383516338,867.5293296220577,-220.27111036565762,-200.30150031534401,6203.747796604077,7942.75861977433,7910.99443982357,-898.702052894451,5616.378481370329,7825.640530262692,-0.9627620110580467,4353.734953808701,1114.6953298662886,-148.92368303814064,-174.20472469147992,5624.852689130644,6952.072916753735,6924.117091753458,-807.6870637514724,4915.857902739907,7164.554827396286,-1.2863400311755289
ppg0_SDSD,13529.64092815495,4097.973169794594,-376.4801192951241,-317.95643196551055,10484.598076593164,16010.348949224917,15857.036793452722,-672.4194999277853,11321.026311159862,12478.22261975835,0.7073097921472694,14841.859508075735,1883.7093957045608,-120.91955755761194,-243.96906646027134,13603.168700048802,22584.773665275497,22370.700745118334,-628.8253441320187,15969.84661027966,15652.268274122081,1.8974789609547298,8281.319512933402,259.6634112368926,-285.5185063961059,-271.994127227767,16277.632888701137,23503.576517474437,23420.32782824136,-1608.04115440194,16619.538337643076,19812.036068482787,1.2872917538211823,6873.829110993131,1379.978795467084,-314.1690192721503,-294.1109994208649,8170.362759789582,10596.262222321222,10552.814944857837,-1291.3955886144245,7492.688872634173,10270.212617452407,-1.0064237847442206,6385.251565477081,1868.4011118484311,-243.76543132933517,-266.5764570524834,7583.61609841554,9472.89485832975,9433.505755380804,-1196.722812541687,6698.3481917921445,9631.330529726625,-1.5092802646634356
ppg0_RMSSD,13464.52438690946,4073.779292800662,-374.43343729241826,-316.27796340382315,10438.436600498642,15938.800352859485,15786.197064462725,-669.1174762164461,11270.43381348548,12423.591388331646,0.7035884252508477,14769.22468090089,1868.2031325769233,-119.97855214833228,-242.39376369870368,13545.811129524243,22488.70552185495,22275.606461016032,-625.6547049443467,15901.91617461099,15586.525846125702,1.8891845737543407,8246.79781382813,258.3662912370168,-284.62848725523156,-270.7088519971444,16220.235375201912,23420.32782824136,23337.39162662154,-1601.0188203230025,16560.672624961473,19742.28019930327,1.282196954685757,6843.067517638788,1372.1440795761534,-312.68092925729735,-292.69856129949653,8139.665757756905,10555.174088780204,10511.909956356165,-1285.3290479438326,7463.635174781019,10231.971766416435,-1.0045482731148503,6358.167109318282,1859.4690918098365,-242.7440466889095,-265.34965285509656,7556.982672698545,9438.84778027667,9399.614429269464,-1191.330138857697,6674.273272021229,9597.715175881614,-1.5052439680449587
ppg0_NN_Count,-2642.5532039211366,-1342.28256685515,100.87953780995291,76.5965743785634,-1619.8454908994825,-2562.0236336007183,-2535.2402553550296,140.57625417586783,-1811.6242848792683,-1901.8835776825158,-0.16081510525951093,-2965.4856049344944,-929.2620519443286,66.90652565855223,85.18512316713043,-1827.258598522181,-3099.181723376641,-3063.805677776394,134.752672555348,-2191.4524127290338,-2082.181719477266,-0.27663413496365746,-1109.3144875328865,-43.56251772705971,41.81645540414093,52.79516101909036,-1130.8511531495076,-1608.04115440194,-1601.0188203230025,246.4015939074798,-1137.0568047046556,-1383.002883535883,-0.04293590463948427,-1186.6260837209518,-384.64690117261785,67.17721145186817,59.78918377044909,-883.6914001843791,-1254.1200135013717,-1247.7178016683456,246.1475270369741,-886.7967659685845,-1081.7051215932074,-0.03891847717523114,-935.5556377685311,-337.5392855038332,38.42004012579307,48.284821798366025,-597.6443560076825,-834.5059574220835,-829.8871434014534,201.98853405809413,-590.0848214337273,-735.5012559935908,-0.008874294568411583
ppg0_SD1,9566.900847317422,2897.704617482289,-266.2116453355024,-224.82914916469178,7413.73039797446,11321.026311159865,11212.61824617501,-475.4723882010043,8005.1744746124605,8823.435831586496,0.5001435504269813,10494.779503578393,1331.9836874875086,-85.50303912706438,-172.51218129380945,9618.892833429103,15969.846610279663,15818.474196768133,-444.64666501771455,11292.386832637749,11067.825037582783,1.3417202404498938,5855.777184767686,183.60975891163795,-201.89207202694118,-192.32889180567057,11510.024597265745,16619.538337643076,16560.672624961473,-1137.0568047046556,11751.788258737215,14009.22505313665,0.910252728492482,4860.531177100739,975.7923641684181,-222.1510439660646,-207.96788211204637,5777.318912201251,7492.688872634173,7461.967008115719,-913.1545779036522,5298.131111160612,7262.136986028238,-0.7116490829400687,4515.054681530863,1321.159096164511,-172.36818951183656,-188.49802048649542,5362.426369105098,6698.348191792147,6670.495889992091,-846.2108159488645,4736.447429164876,6810.37912941872,-1.0672223098545428
ppg0_SD2,8677.438498560732,1264.6991701020709,-277.15147735935983,-167.05091824613802,7847.354267081273,11951.986846058431,11841.887204399583,-381.086489035113,8451.330947500333,9348.633626990897,0.5603732966112595,8891.376472175221,-550.882685264664,-8.78601839698642,-99.13443873013371,9355.242661357954,15401.95211347449,15259.030088113679,-320.5528994031872,10890.824782948286,10801.059500724143,1.186689536330905,7194.876011697758,188.57516407060993,-311.9254737893167,-231.40272977366567,14443.013310578923,19812.036068482787,19742.28019930327,-1383.002883535883,14009.22505313665,17861.016825748313,-0.5846986818926483,5956.106525005344,1021.0188394928871,-269.35558439285836,-242.61121041380173,7767.672792428093,9908.534033416636,9869.200324418158,-1095.889955986296,7006.391606646601,9808.180645614604,-1.2764642901166203,5273.255389022442,1285.6338775074255,-173.60381239039705,-207.96745653649546,6994.930101479144,8618.264828689065,8583.965699129601,-974.7373656158936,6094.033502427556,8917.345043203028,-1.6612341459989186
ppg0_SD1_SD2,4.618678000669285,3.3817958181804104,-0.08124042223516895,-0.1654524862039394,1.8918610229381312,2.950223459367758,2.914954068888895,-0.30098559831868044,2.0861230141345755,2.233810666508046,9.95120755628336e-05,5.810720188902341,3.1092177451168976,-0.1209323901522824,-0.16280612292708088,3.6181989771989227,6.140840750251566,6.0777840988437974,-0.32352505064593257,4.342230136689566,4.126226636764278,0.0006226853163519176,0.10336513725724787,0.0516223527970043,0.08191498003852234,-0.008844129284507079,-0.1465083058693428,1.2872917538211823,1.282196954685757,-0.04293590463948427,0.910252728492482,-0.5846986818926483,0.002609952600585623,0.05474388201474368,0.25718180938306523,0.005925172322958403,-0.02004282733393699,-0.9776915211754037,-0.999424334526131,-0.9973736472553973,-0.046404762138498305,-0.7066997242262799,-1.3009012604688974,0.0006643151775827897,0.4202611149593894,0.49199617658343353,-0.06471129130440403,-0.03476175581062124,-0.6119691652573287,-0.5685299091222825,-0.5685654316830708,-0.09930936809397112,-0.40201135404773736,-0.8326234676759069,0.0005896269246498983
ppg1_Mean_NN,19047.164222481253,9024.930195674775,-644.7725538526504,-543.8517064840598,11826.643713706904,18778.55732630532,18583.50177577698,-1003.2005070478594,13278.445226330821,13869.067386211333,1.228394410924172,20888.007703996864,5941.767723099402,-500.0400809804133,-586.8706931016624,13083.809330033657,22294.22042709365,22044.007241278894,-937.0938951413311,15764.394445265569,14888.13960936118,2.190167255364262,6258.824805317587,210.74488862626862,-173.62590306661932,-321.97642236021613,4859.073383516338,6873.829110993131,6843.067517638788,-1186.6260837209518,4860.531177100739,5956.106525005344,0.05474388201474368,9448.125653116836,2959.872467987927,-436.2242714558752,-460.28467605761125,7698.367125358464,11004.053057510375,10951.985574776294,-1663.1501784609532,7781.040537502151,9399.816436413239,0.5028738189450794,6313.336283768754,2436.2193286296165,-178.93601789620075,-330.0330212567106,3612.0567659227654,5178.14652049489,5150.706538642765,-1120.4622164175084,3661.502518619462,4409.774575661977,0.24579556247890127
ppg1_Median_NN,9557.488170758317,4935.7460413837225,-351.2557147757968,-279.385346201953,5750.565736745931,9407.478838057135,9311.665372337133,-527.9825654924178,6652.092080259141,6662.371971973504,0.8353516076476776,11093.774333636991,3968.624903328421,-258.68508861767435,-302.90935944676215,7497.498979915296,12320.358154264391,12181.912292887482,-514.132635909631,8711.808797527321,8663.628112799583,0.8130205548313161,1899.6315675007672,175.22241492083228,4.28460576140795,-107.4801830713154,867.5293296220577,1379.978795467084,1372.1440795761534,-384.64690117261785,975.7923641684181,1021.0188394928871,0.25718180938306523,2959.872467987927,2850.9105217342717,-150.17725509890997,-160.14199297637268,1390.1338378356095,2362.1351290977095,2348.1662851037304,-527.2180982929617,1670.2817678639512,1593.7403094662495,0.5736478993725321,2193.882975231733,1402.427961292165,-122.7386009830115,-122.50606038181765,779.8476473955346,1344.8332988327027,1335.9042785413822,-413.0199564313685,950.940745170079,889.5510187313132,0.41033550996368706
ppg1_Heart_Rate,-1210.245540311623,-686.3583032377489,45.70841300066369,37.11716521677411,-695.8903891805837,-1128.166485923227,-1116.5830619638562,70.93126679647088,-797.7341725037122,-809.4071170708509,-0.10277939707551194,-1289.438898530477,-542.0261000599976,30.12449362709281,34.94499350924379,-811.8562433404473,-1333.6050413814633,-1319.2631750359892,63.75873821582975,-943.0011681853993,-938.4276997281631,-0.1027755898743097,-320.57795609528296,-21.759621976935723,151.3551311522,16.958555617084645,-220.27111036565762,-314.1690192721503,-312.68092925729735,67.17721145186817,-222.1510439660646,-269.35558439285836,0.005925172322958403,-436.2242714558752,-150.17725509890997,441.73380489070996,21.850543461695032,-329.7078559856462,-416.4034214835424,-414.4546681266823,82.02555973189016,-294.4416830402929,-417.228387767183,0.07121044796814317,-290.3008410395249,-144.9313705935284,182.25035072279726,15.594183412400538,-136.24758216645347,-192.22634995121012,-191.09986220181764,58.34191570016919,-135.92455557323905,-167.0341079411498,-0.002117917710723031
ppg1_Mean_HR,-988.2771873313741,-510.3065554175729,33.684314952238324,29.03188158640733,-589.0638107289847,-941.1039784771219,-931.1860885433837,52.801500129203376,-665.4610049828116,-689.0598706609303,-0.0631745917503241,-1111.3153804132398,-356.1904476214906,26.93089270545483,32.58180241060533,-658.4573453169846,-1133.8065417792577,-1120.729118120243,50.53331955677011,-801.7222942457813,-745.698999457557,-0.11759280525874911,-311.7650210890442,-11.748164991279339,8.04191474788388,16.73272158813977,-200.30150031534401,-294.1109994208649,-292.69856129949653,59.78918377044909,-207.96788211204637,-242.61121041380173,-0.02004282733393699,-460.28467605761125,-160.14199297637268,21.850543461695032,23.657325867773253,-308.91205454836717,-454.7100913572996,-452.4031096299587,81.96639254221749,-321.52858907270104,-373.7154534773766,-0.03774099310725229,-308.11379038073886,-122.09149230488956,9.979919663893314,16.88001565910695,-134.4968026934779,-203.44092830107937,-202.22903489836008,55.391546976385364,-143.85445997257943,-161.34765970883976,-0.025846529747993674
