,red_Mean_NN,red_Median_NN,red_Heart_Rate,red_Mean_HR,red_SDNN,red_SDSD,red_RMSSD,red_NN_Count,red_SD1,red_SD2,red_SD1_SD2,infrared_Mean_NN,infrared_Median_NN,infrared_Heart_Rate,infrared_Mean_HR,infrared_SDNN,infrared_SDSD,infrared_RMSSD,infrared_NN_Count,infrared_SD1,infrared_SD2,infrared_SD1_SD2,ppg0_Mean_NN,ppg0_Median_NN,ppg0_Heart_Rate,ppg0_Mean_HR,ppg0_SDNN,ppg0_SDSD,ppg0_RMSSD,ppg0_NN_Count,ppg0_SD1,ppg0_SD2,ppg0_SD1_SD2,ppg1_Mean_NN,ppg1_Median_NN,ppg1_Heart_Rate,ppg1_Mean_HR,ppg1_SDNN,ppg1_SDSD,ppg1_RMSSD,ppg1_NN_Count,ppg1_SD1,ppg1_SD2,ppg1_SD1_SD2,ppg2_Mean_NN,ppg2_Median_NN,ppg2_Heart_Rate,ppg2_Mean_HR,ppg2_SDNN,ppg2_SDSD,ppg2_RMSSD,ppg2_NN_Count,ppg2_SD1,ppg2_SD2,ppg2_SD1_SD2
red_Mean_NN,1.0,0.8988349458615376,-0.18447333760569765,-0.7280885345732876,0.782623113921772,0.8190793820287021,0.8170012649554566,-0.7695122317878486,0.8190793820287067,0.7648347231184978,0.38203034196541613,0.5341426526857294,0.3646990303746143,-0.1780726570731368,-0.6093654672194277,0.4564852627071111,0.512709413136059,0.5102092683663988,-0.6816446707112727,0.5130314650844343,0.44203828173859566,0.35014416197575715,0.3533164707162905,0.45654578611302676,-0.06193073876856988,-0.48083022057999236,-0.007227537383256776,0.025929972673866056,0.024454772147246565,-0.26796951488045806,0.025929972673866947,-0.016978464997173422,0.16827842356571235,0.3890702852043983,0.5266031951544277,-0.0987765978644764,-0.4906743706091513,0.02721823877529353,0.04073699959620463,0.03944516800518331,-0.3168696580330237,0.040736999596204776,0.02313243681296408,0.057543650683268145,0.3054883935960767,0.6096597721557414,-0.09153441399681073,-0.5045041328197726,-0.03957213917965385,-0.0332682349136461,-0.033995865041270515,-0.29151966104380267,-0.03326823491364481,-0.0410146740690646,0.041394222239514014
red_Median_NN,0.8988349458615376,1.0,-0.16370843099997767,-0.6487121252103817,0.4943115933385898,0.5369516968184477,0.5331125336724969,-0.6086345103141809,0.5369516968184492,0.47627727957283655,0.35129027869794716,0.5259656061292738,0.4509428155594742,-0.193287400461718,-0.6858677499324951,0.2397712799953053,0.3066369840427972,0.2983962066329294,-0.541773367787056,0.30650548174694625,0.22097132025798372,0.3709869900700301,0.2406556340559235,0.5038883906092777,-0.04709728232486756,-0.3602409756316819,-0.0919092509133338,-0.06198972813594296,-0.06367636483344923,-0.16831665711373264,-0.061989728135942154,-0.1002789342467206,0.1687123202521539,0.2542139933388689,0.4558128574518598,-0.06597486897185255,-0.3519364834135323,-0.06520796641042244,-0.0499613662297472,-0.05126811971319777,-0.20023180370152383,-0.04996136622974735,-0.06927625084920128,0.07995018947013949,0.2057608251810583,0.5432414030791018,-0.07413987326383735,-0.3757399667112097,-0.0899969577591195,-0.08393957811805731,-0.08480197228919639,-0.18665183400933805,-0.08393957811805698,-0.09130883916311026,0.08243822979269978
red_Heart_Rate,-0.18447333760569765,-0.16370843099997767,1.0,0.23661930232201078,-0.1179354528972739,-0.1321154267428511,-0.13206607392489714,0.19964450338433215,-0.13211542674285143,-0.11219753202945214,-0.10358441387250723,-0.08984968477791519,-0.06557717004114834,0.14841480738953397,0.1817939335278765,-0.04724391851535,-0.06064155994454372,-0.06158681161514021,0.161345851267818,-0.06087911625495124,-0.04160790316579699,-0.10518294960818406,-0.07111909124778032,-0.04335881086115634,0.04025317246471591,0.11627707564798363,0.013995587866063506,0.0075230374334512625,0.007679390706785881,0.057147808739619374,0.007523037433450667,0.0157826485079588,-0.029601966115768673,-0.09728107328194663,-0.11758574261634774,0.03686519380298133,0.12880272091517425,-0.009119954174023398,-0.011986501530935372,-0.011835210386249474,0.07769130745901297,-0.011986501530935627,-0.008261748036151522,-0.010838642400185452,-0.06117897496449832,-0.12246203587571827,0.020785998047254353,0.12836562456941622,0.03331874278340129,0.03123845060472472,0.03137704546915684,0.06297888600530027,0.031238450604724844,0.03376018350358543,-0.019628335719249084
red_Mean_HR,-0.7280885345732876,-0.6487121252103817,0.23661930232201078,1.0,-0.36823014441266555,-0.43155294621356755,-0.4302649928814374,0.7343979206814607,-0.4315529462135679,-0.34358033238572117,-0.4051292209536359,-0.35413174611643505,-0.2716659816000476,0.2096905305106337,0.813155145590591,-0.08419885380683974,-0.1611152642803751,-0.15771469625272555,0.6177956785886766,-0.16104295174908195,-0.060107231419808234,-0.4442209944850535,-0.23774620689588524,-0.17300299790587853,0.0408625433244254,0.39786186243217625,0.07758600910631211,0.03700475077296246,0.03704954409700811,0.12627555253623865,0.03700475077295996,0.08900636267413728,-0.2403029967945531,-0.3954509724320094,-0.42992534240649966,0.1143925040961903,0.5213155655430551,-0.03644318897206383,-0.05441474568826329,-0.05411979832922553,0.24641978964322683,-0.05441474568826462,-0.030988811787700094,-0.09369369508143492,-0.29765467010866137,-0.5043495478313869,0.11502040838210609,0.5280446219608909,0.047287645093763,0.03513270314466017,0.035366385917670565,0.2129456082160611,0.035132703144659785,0.05038162916717909,-0.12165508817806396
red_SDNN,0.782623113921772,0.4943115933385898,-0.1179354528972739,-0.36823014441266555,1.0,0.9867326641837395,0.9869387243958904,-0.7465954384911926,0.9867326641837371,0.9984021325517873,0.20314390082951306,0.41797867709875225,0.20142871226495346,-0.05967403747220092,-0.09690249699778868,0.7204330402650501,0.7101965740802597,0.7161818527978986,-0.6673630480619132,0.7113722845844208,0.728353132414639,0.04842355351602297,0.30839200392534893,0.23921595647409463,-0.056629793559257194,-0.4034207913220945,0.06552404818120826,0.08068768071196177,0.08011980061034078,-0.2838217003338394,0.08068768071196261,0.06089271621956249,0.04155718114650565,0.23376907853547538,0.32224836256286526,-0.05743166790035477,-0.3002390969524746,0.0137232180561896,0.017471768499895828,0.01674717433332099,-0.23760069131247147,0.017471768499895277,0.012717507429065538,-0.01175074490816387,0.18151938431377973,0.3569578813214618,-0.031047049999836027,-0.3151700282118404,-0.025384215316426168,-0.025350198212519357,-0.025675773939209365,-0.2290998905435357,-0.0253501982125177,-0.025074421504989956,-0.043902287878917194
red_SDSD,0.8190793820287021,0.5369516968184477,-0.1321154267428511,-0.43155294621356755,0.9867326641837395,1.0,0.9999347491706556,-0.7681298062690101,0.9999999999999978,0.9759956179841749,0.3490638043622712,0.440964959697851,0.22857031172558612,-0.08073446431457514,-0.16919499081331327,0.6893266879453147,0.6892385768063624,0.6951021955352183,-0.6896443595617502,0.6904666499879819,0.6923177705265381,0.0964710596385764,0.3207728209519193,0.2542339285086761,-0.059501764581044995,-0.42571066327791635,0.056342935165514405,0.07178827476303565,0.0711916281850719,-0.287667241118396,0.0717882747630365,0.0516878956421534,0.04814456744339259,0.27023685393897184,0.3535695815479067,-0.06147790413551307,-0.34373121801807444,0.025649361232003776,0.029766699545076235,0.02904324636764817,-0.2609727686736903,0.029766699545075936,0.024455342550878858,-0.009092986152983727,0.21139517157590715,0.3890621272421255,-0.03380961605339274,-0.3575956973104001,-0.019646185204269837,-0.01902776829361638,-0.019363430595107214,-0.2498636839480466,-0.019027768293614727,-0.019507026215517583,-0.041138667590455744
red_RMSSD,0.8170012649554566,0.5331125336724969,-0.13206607392489714,-0.4302649928814374,0.9869387243958904,0.9999347491706556,1.0,-0.7667375191748128,0.9999347491706537,0.9763026040239289,0.3484806399777854,0.4351587075302255,0.22228577307055808,-0.08043011307410858,-0.16754066418155555,0.6888349892285961,0.6888814104725474,0.6942294986031227,-0.6883619866205347,0.6899693356993744,0.692556661262433,0.09483062313148527,0.31895058648847613,0.247594755915147,-0.059492996444810466,-0.42405827008154795,0.056387020764018185,0.07176004762218458,0.0712036419522368,-0.2842786879246179,0.07176004762218517,0.051754734960241265,0.047497032843386064,0.26858847855230206,0.3500050261816883,-0.0610748586428669,-0.3420706253500806,0.025723879143909695,0.029761111070395176,0.02906436067793567,-0.2573181342960077,0.029761111070394468,0.024554331424202897,-0.009700222028098551,0.20990638463887956,0.3850256468925157,-0.033406133543628105,-0.35580997829469957,-0.019459409105550943,-0.018848475512430334,-0.01916628229041924,-0.24629368170097043,-0.018848475512428686,-0.019317064745376693,-0.04164003362041889
red_NN_Count,-0.7695122317878486,-0.6086345103141809,0.19964450338433215,0.7343979206814607,-0.7465954384911926,-0.7681298062690101,-0.7667375191748128,1.0,-0.7681298062690158,-0.7341702643797784,-0.34035815310339207,-0.41536057876253346,-0.23823569969029165,0.16075098263926813,0.4643686592498125,-0.5215907741425805,-0.5343674599199819,-0.5549246831117551,0.9722118664993451,-0.540003553771592,-0.5021385492937434,-0.2743065983244943,-0.27240472621335615,-0.19382790090172666,0.04059208414226916,0.4303515547673884,0.046067752333454566,0.008795367203304025,0.011064767315904122,0.8932785807656893,0.00879536720330234,0.05666623915448393,-0.19988207407934702,-0.261759074093389,-0.37305527334303,0.07345918461236212,0.38296860205511307,0.0544393132310861,0.03780516802176557,0.03948486621012973,0.8934536341811964,0.037805168021766256,0.058882903142776395,-0.07853470209341229,-0.19181067291570494,-0.44523692507255846,0.06900421221929383,0.4025571837938899,0.09844534249025827,0.09125013567138829,0.092475222073817,0.8894863364802725,0.09125013567138698,0.10003028661773825,-0.08708117036215608
red_SD1,0.8190793820287067,0.5369516968184492,-0.13211542674285143,-0.4315529462135679,0.9867326641837371,0.9999999999999978,0.9999347491706537,-0.7681298062690158,1.0,0.9759956179841779,0.3490638043622738,0.4409649596978504,0.22857031172558628,-0.08073446431457582,-0.1691949908133161,0.6893266879453152,0.689238576806364,0.6951021955352185,-0.6896443595617489,0.6904666499879805,0.6923177705265379,0.09647105963857673,0.32077282095191817,0.25423392850867665,-0.05950176458104478,-0.42571066327791623,0.056342935165514106,0.07178827476303572,0.07119162818507133,-0.2876672411183957,0.07178827476303619,0.051687895642153106,0.0481445674433937,0.2702368539389719,0.35356958154790763,-0.061477904135513246,-0.3437312180180763,0.025649361232003957,0.029766699545077012,0.029043246367648504,-0.26097276867368996,0.02976669954507612,0.02445534255087867,-0.009092986152982497,0.21139517157590706,0.3890621272421268,-0.0338096160533927,-0.3575956973104008,-0.019646185204270156,-0.019027768293616694,-0.01936343059510719,-0.24986368394804728,-0.019027768293614758,-0.01950702621551813,-0.04113866759045446
red_SD2,0.7648347231184978,0.47627727957283655,-0.11219753202945214,-0.34358033238572117,0.9984021325517873,0.9759956179841749,0.9763026040239289,-0.7341702643797784,0.9759956179841779,1.0,0.15126872881777337,0.406915013993245,0.19028447864231166,-0.051983362023481916,-0.07072432547026757,0.7265937351744032,0.7130021400985541,0.7188330069892052,-0.6552357441826364,0.7141596795228777,0.7363884207639891,0.031185036862069176,0.30197671831907913,0.23236897863826753,-0.05526425521805529,-0.3930294699108036,0.06810580092474118,0.0830429604760012,0.08249384936354728,-0.2802706709493213,0.08304296047600149,0.06352296158063081,0.03886138214053527,0.2193532389980433,0.3090791151137602,-0.055529523035205974,-0.28295176343100226,0.009364805724339346,0.0129273697623805,0.012209934391442087,-0.22743103044810684,0.012927369762379714,0.008441770463398397,-0.012738942171003118,0.16983152974928462,0.34347705140026064,-0.029701145178640767,-0.2982281864618102,-0.027281058422201025,-0.027466439840325985,-0.027784981227545677,-0.21996189395909324,-0.02746643984032411,-0.02690914723575632,-0.04473538874106467
red_SD1_SD2,0.38203034196541613,0.35129027869794716,-0.10358441387250723,-0.4051292209536359,0.20314390082951306,0.3490638043622712,0.3484806399777854,-0.34035815310339207,0.3490638043622738,0.15126872881777337,1.0,0.18420956852523304,0.14032826752485947,-0.13200644448435284,-0.3826443780529702,0.06439465595672865,0.09706263404157035,0.10519073982554995,-0.33434086066523666,0.09874809755834145,0.042290568800046294,0.2280115433689397,0.12241869172187295,0.08606411857515263,-0.02453680895803352,-0.20660700443725902,-0.03883582633385567,-0.03877092848448047,-0.03915630983269365,-0.09319201510982969,-0.03877092848447983,-0.03857902672426947,0.020771878838724223,0.21521383888238965,0.19827225041662458,-0.022010088897028726,-0.26513940163979116,0.0644008292918324,0.06633136961376561,0.06612898982835512,-0.17257888361115423,0.06633136961376547,0.06342925763748336,0.002799961307138368,0.18330909906487794,0.2283463982805112,-0.001047687750632149,-0.2716567598572107,0.02841708952070963,0.030764751580644758,0.03062052671804011,-0.1629022549255759,0.03076475158064527,0.027824686573188085,-0.007701232452869893
infrared_Mean_NN,0.5341426526857294,0.5259656061292738,-0.08984968477791519,-0.35413174611643505,0.41797867709875225,0.440964959697851,0.4351587075302255,-0.41536057876253346,0.4409649596978504,0.406915013993245,0.18420956852523304,1.0,0.9545800237476745,-0.10236807050693386,-0.3417117725237185,0.6549718604052454,0.7343895723052261,0.7361439322601426,-0.46154469452500685,0.7495713192407643,0.5933561143589547,0.3402548949336335,0.3170563504086901,0.7622634848376076,-0.05262263326492932,-0.3714176623762691,0.005281629567566072,0.01712327252839534,0.015996912865875946,-0.2512620475839096,0.017123272528395787,0.0018099905636669567,0.05241185475621426,0.290529086664881,0.5258600896139105,-0.06802580735180337,-0.33478569157831956,0.013045180614267347,0.017386930345452373,0.01604931319459429,-0.2571027847046547,0.017386930345452092,0.011676728025695589,0.01342417860107712,0.24503806974018114,0.5827545538888664,-0.06402305835749486,-0.3587345704183016,-0.025771448496198578,-0.025682210938120082,-0.02633958788950244,-0.24700939605091043,-0.025682210938119204,-0.02569441591988315,-0.00047065695790690713
infrared_Median_NN,0.3646990303746143,0.4509428155594742,-0.06557717004114834,-0.2716659816000476,0.20142871226495346,0.22857031172558612,0.22228577307055808,-0.23823569969029165,0.22857031172558628,0.19028447864231166,0.14032826752485947,0.9545800237476745,1.0,-0.0879098681166377,-0.3373249041654518,0.25996080511832786,0.35513356388221134,0.36164063021522197,-0.2737809507994411,0.3705992564984792,0.16965231811352774,0.4009270615798109,0.21898030532388085,0.7515830056306928,-0.03901083286618106,-0.24758184426005916,-0.03360520081358056,-0.027294892061801974,-0.0283326490662045,-0.15253630881644467,-0.027294892061801617,-0.03530701866154781,0.0335192109818864,0.21169022945830748,0.44720013581307094,-0.05401188714323168,-0.24041007926104788,-0.013454195348132022,-0.008659585799898322,-0.009898589770578762,-0.17045320591996607,-0.00865958579989816,-0.014852992891407695,0.023773971761901175,0.1820211905686403,0.500142425456997,-0.05310292749190222,-0.265441911053614,-0.039153609658519564,-0.040043143643229154,-0.04065263136750243,-0.16389180364683528,-0.040043143643229195,-0.03882151405737443,0.009584000732804777
infrared_Heart_Rate,-0.1780726570731368,-0.193287400461718,0.14841480738953397,0.2096905305106337,-0.05967403747220092,-0.08073446431457514,-0.08043011307410858,0.16075098263926813,-0.08073446431457582,-0.051983362023481916,-0.13200644448435284,-0.10236807050693386,-0.0879098681166377,1.0,0.23404237239429962,-0.02946135360247684,-0.03888461821640308,-0.04247576671730328,0.17756541646705676,-0.03962702548418985,-0.020488233886727127,-0.0893886171124956,-0.0524909292008176,-0.04526526119041734,0.018704387790288657,0.09691193375322098,0.022928954713510325,0.017344963091988602,0.017538000095955842,0.03889977026202761,0.017344963091988002,0.024459108658872256,-0.037542968707732494,-0.06750585502335213,-0.08619131585776854,0.03602346629496401,0.09919617466546471,0.006810134226873327,0.0030664148526016333,0.0032027436414518223,0.05358563705349504,0.0030664148526015544,0.007956471722255847,-0.019971316680003685,-0.04985239520829744,-0.11985082935800992,0.006924247949219235,0.10835652385289515,0.017151158759923773,0.0160940223859483,0.016142401134958923,0.05048236427289203,0.016094022385948127,0.01743911340873933,-0.018240979584740875
infrared_Mean_HR,-0.6093654672194277,-0.6858677499324951,0.1817939335278765,0.813155145590591,-0.09690249699778868,-0.16919499081331327,-0.16754066418155555,0.4643686592498125,-0.1691949908133161,-0.07072432547026757,-0.3826443780529702,-0.3417117725237185,-0.3373249041654518,0.23404237239429962,1.0,0.1352434907364359,0.044759269839452595,0.042804352393227295,0.5228666208954004,0.04346465129328115,0.17958437179001802,-0.5167817073168388,-0.1570806945295744,-0.16856363936386784,0.021623671662126448,0.2923176953808546,0.0946628977906103,0.061349400146738134,0.061158466745456046,0.04097034715100614,0.061349400146736344,0.1038711227746391,-0.1920629258146227,-0.35957026883742504,-0.39100881250020175,0.09893239363113794,0.4705380191882624,-0.04548417103896204,-0.06330940087761873,-0.06317357464247216,0.1942137642398956,-0.06330940087761977,-0.03995150285123115,-0.0860310045244432,-0.2654437847074695,-0.4726556593143154,0.1006179932348974,0.47164468488533623,0.038613897889077035,0.02975478451827113,0.02985103518561924,0.1571737624743968,0.02975478451827116,0.04089221662853466,-0.09255898960261255
infrared_SDNN,0.4564852627071111,0.2397712799953053,-0.04724391851535,-0.08419885380683974,0.7204330402650501,0.6893266879453147,0.6888349892285961,-0.5215907741425805,0.6893266879453152,0.7265937351744032,0.06439465595672865,0.6549718604052454,0.25996080511832786,-0.02946135360247684,0.1352434907364359,1.0,0.9479135795882441,0.9793019186040581,-0.6251844588301503,0.9709736541508599,0.9958411772750257,-0.08048998034571382,0.2794758203585769,0.28857215521145063,-0.043456301226687526,-0.3395138458041932,0.08458595444130279,0.09120755769595859,0.08998964216033223,-0.3306561191086868,0.09120755769595888,0.08227084675971534,0.001738115688244779,0.07856635607627237,0.22516810222213934,-0.012432996062591977,-0.1091517745573267,-0.037138078637209006,-0.03915504725523666,-0.04039535815491008,-0.19513191993246998,-0.03915504725523743,-0.03623096372263772,-0.02645819399397362,0.0900504255420665,0.24562296429684674,-0.002024388579691391,-0.15282702505015677,-0.023421383306545925,-0.025994380616850554,-0.026630014884541284,-0.2158979210121598,-0.02599438061684841,-0.02258322562310623,-0.03645619222448046
infrared_SDSD,0.512709413136059,0.3066369840427972,-0.06064155994454372,-0.1611152642803751,0.7101965740802597,0.6892385768063624,0.6888814104725474,-0.5343674599199819,0.689238576806364,0.7130021400985541,0.09706263404157035,0.7343895723052261,0.35513356388221134,-0.03888461821640308,0.044759269839452595,0.9479135795882441,1.0,0.9736560030538209,-0.6345748145022346,1.000000000000003,0.9456319364061683,0.09788221621278198,0.3034300563154161,0.41712612078586114,-0.04484822229048167,-0.37124260588406705,0.07486703460986145,0.08404860906725925,0.08358612936704035,-0.3122345209408818,0.08404860906725953,0.0718550589195682,0.013812922413877333,0.1477710281907712,0.31583493554695147,-0.027250915544930657,-0.18634029110683042,-0.018524215575722508,-0.02083240777278105,-0.02178702780715398,-0.20488336098953375,-0.020832407772781943,-0.0176401166791222,-0.0286877070963956,0.14122028633370226,0.3452955465197651,-0.015535404769684924,-0.22011768957912048,-0.01586269269052679,-0.018786734458439258,-0.01924473251225471,-0.21720507832313382,-0.01878673445843743,-0.014921973755718158,-0.049249652650300284
infrared_RMSSD,0.5102092683663988,0.2983962066329294,-0.06158681161514021,-0.15771469625272555,0.7161818527978986,0.6951021955352183,0.6942294986031227,-0.5549246831117551,0.6951021955352185,0.7188330069892052,0.10519073982554995,0.7361439322601426,0.36164063021522197,-0.04247576671730328,0.042804352393227295,0.9793019186040581,0.9736560030538209,1.0,-0.6554823249418255,0.9981432780492241,0.9574555545921675,0.08741111788064225,0.3053924415193617,0.369800312075264,-0.04467085437579484,-0.37157145331442987,0.08453766106882929,0.09349301714007717,0.09226705142740617,-0.34020694051521916,0.09349301714007738,0.08153436281411293,0.013536628327114095,0.13434476098250836,0.29449605375558596,-0.02562677907113943,-0.17159973948806795,-0.01998607447659995,-0.021247453036602106,-0.02253554021327173,-0.22921392301973892,-0.021247453036602977,-0.01941771231825365,-0.024326505657482456,0.1297987100217488,0.32080862729580456,-0.011040876396265033,-0.20777865379513183,-0.01866227698106265,-0.02077860601258657,-0.02141547887080199,-0.24151166282651995,-0.02077860601258464,-0.017954715074771303,-0.036047801105215015
infrared_NN_Count,-0.6816446707112727,-0.541773367787056,0.161345851267818,0.6177956785886766,-0.6673630480619132,-0.6896443595617502,-0.6883619866205347,0.9722118664993451,-0.6896443595617489,-0.6552357441826364,-0.33434086066523666,-0.46154469452500685,-0.2737809507994411,0.17756541646705676,0.5228666208954004,-0.6251844588301503,-0.6345748145022346,-0.6554823249418255,1.0,-0.6406488322550434,-0.6090263104980632,-0.27702950969913737,-0.280886962989054,-0.18898982832069053,0.040368943959499554,0.43131692125981363,0.031713486101447315,-0.006232977702975247,-0.004054983813894507,0.8815407367164144,-0.006232977702976266,0.04251977233592147,-0.1904414062035291,-0.23700384431152532,-0.35551591431998414,0.0700081439225015,0.3513605365544494,0.058546281690474364,0.04528841156141133,0.0469306552417485,0.8779193870059493,0.04528841156141129,0.061976228290903414,-0.057252622626253344,-0.17627949535786613,-0.4239569570521892,0.05420235911130678,0.3719284261643513,0.09178726255910447,0.0883538750090749,0.08956517312142837,0.8739710161905695,0.08835387500907324,0.09242120597007812,-0.054294661775484795
infrared_SD1,0.5130314650844343,0.30650548174694625,-0.06087911625495124,-0.16104295174908195,0.7113722845844208,0.6904666499879819,0.6899693356993744,-0.540003553771592,0.6904666499879805,0.7141596795228777,0.09874809755834145,0.7495713192407643,0.3705992564984792,-0.03962702548418985,0.04346465129328115,0.9709736541508599,1.000000000000003,0.9981432780492241,-0.6406488322550434,1.0,0.9456319364061658,0.09788221621278145,0.3053744437383074,0.4177736079433673,-0.04505781185069212,-0.3728663665319326,0.07616005257119166,0.08528932445526645,0.08470037671275589,-0.3209629089572014,0.08528932445526849,0.0731538376078815,0.013730421467961764,0.14715889987170006,0.3158563820018775,-0.027285725494186275,-0.18557112546531634,-0.01879263236834036,-0.020959429413590483,-0.021967986002521176,-0.2116119792056057,-0.020959429413590303,-0.017951492667867247,-0.028088539867850048,0.14078611351743375,0.3453208021578628,-0.0151826994555085,-0.21974998768224027,-0.01632691886544595,-0.019155737041417122,-0.019643534854004052,-0.22401653317552514,-0.019155737041415013,-0.015414374380591888,-0.04751144925431398
infrared_SD2,0.44203828173859566,0.22097132025798372,-0.04160790316579699,-0.060107231419808234,0.728353132414639,0.6923177705265381,0.692556661262433,-0.5021385492937434,0.6923177705265379,0.7363884207639891,0.042290568800046294,0.5933561143589547,0.16965231811352774,-0.020488233886727127,0.17958437179001802,0.9958411772750257,0.9456319364061683,0.9574555545921675,-0.6090263104980632,0.9456319364061658,1.0,-0.14077696993950595,0.2608726710210538,0.23263043235296066,-0.04223953319187394,-0.3217299752425345,0.07935572821798258,0.08576597741455554,0.08520802495585156,-0.30453534983696817,0.0857659774145577,0.07714234389424575,-0.0008253317245221937,0.05957340790591807,0.19285932001219327,-0.007378636130990591,-0.08987343563633042,-0.042382358706824434,-0.045608466864076776,-0.04651418111152766,-0.15846984441376014,-0.04560846686407667,-0.041063378272990635,-0.03182973994855658,0.07586122079280624,0.20985384929821327,0.00036959095734559244,-0.13363017676234307,-0.0226300779221231,-0.025854142176137452,-0.026318847166690085,-0.18263292615295407,-0.025854142176135072,-0.02159638323087087,-0.04704697356862004
infrared_SD1_SD2,0.35014416197575715,0.3709869900700301,-0.10518294960818406,-0.4442209944850535,0.04842355351602297,0.0964710596385764,0.09483062313148527,-0.2743065983244943,0.09647105963857673,0.031185036862069176,0.2280115433689397,0.3402548949336335,0.4009270615798109,-0.0893886171124956,-0.5167817073168388,-0.08048998034571382,0.09788221621278198,0.08741111788064225,-0.27702950969913737,0.09788221621278145,-0.14077696993950595,1.0,0.13354745405271626,0.1900419880768899,-0.017520839879881255,-0.18859737150907768,0.011459358980648654,0.03107147918575653,0.030873209457625384,-0.07951935323705114,0.031071479185756687,0.005732585284324046,0.09390543728725897,0.2934390146504643,0.2910060178025607,-0.08146557684434531,-0.3480962158613881,0.0929011283593268,0.09986126290300283,0.09953064876623277,-0.20883307725266156,0.09986126290300308,0.09026406778238683,0.024402297574390636,0.20051450205714633,0.32070834216038896,-0.056634555991984296,-0.30424637012642897,0.020822727105737356,0.024518192892781808,0.024444622326874867,-0.15884101860956867,0.02451819289278168,0.019809610026605227,0.012793738203521867
ppg0_Mean_NN,0.3533164707162905,0.2406556340559235,-0.07111909124778032,-0.23774620689588524,0.30839200392534893,0.3207728209519193,0.31895058648847613,-0.27240472621335615,0.32077282095191817,0.30197671831907913,0.12241869172187295,0.3170563504086901,0.21898030532388085,-0.0524909292008176,-0.1570806945295744,0.2794758203585769,0.3034300563154161,0.3053924415193617,-0.280886962989054,0.3053744437383074,0.2608726710210538,0.13354745405271626,1.0,0.36436867398721295,-0.1456365273519942,-0.9023037578256142,0.7503250884191834,0.7484624146825088,0.746913460786576,-0.7401837405795054,0.7484624146825066,0.7462169560084584,-0.08865914714145216,0.7991194261141503,0.4257596418056669,-0.14428166768399542,-0.7178436508670667,0.6202633468537442,0.5945345678517362,0.5933362338913853,-0.6516444631610512,0.5945345678517333,0.6237607551117401,-0.14531235100061457,0.8032491760841143,0.44917760000028056,-0.12556913926919122,-0.7476440877137688,0.5560235794604146,0.5572771234604642,0.5568152365333965,-0.6850410280355211,0.5572771234604668,0.5538001264128947,-0.1652755569331138
ppg0_Median_NN,0.45654578611302676,0.5038883906092777,-0.04335881086115634,-0.17300299790587853,0.23921595647409463,0.2542339285086761,0.247594755915147,-0.19382790090172666,0.25423392850867665,0.23236897863826753,0.08606411857515263,0.7622634848376076,0.7515830056306928,-0.04526526119041734,-0.16856363936386784,0.28857215521145063,0.41712612078586114,0.369800312075264,-0.18898982832069053,0.4177736079433673,0.23263043235296066,0.1900419880768899,0.36436867398721295,1.0,-0.056792640463834164,-0.3813252271792275,0.011879194902238238,0.02162963396383326,0.018260815038288955,-0.24774145006670045,0.021629633963833376,0.008707228304916211,0.06052829926930089,0.29370099632450486,0.6166967419550473,-0.05832742234218663,-0.3118452802710408,0.0013147169708846453,0.003343452804985486,0.001546809437907291,-0.24234266479594496,0.003343452804985402,0.0006562004517755049,0.0053769395634829815,0.260307900931766,0.6700918423553223,-0.0697753543979163,-0.32709617251363227,-0.009426870202142489,-0.011156353451070248,-0.0128499281425218,-0.23878306710956818,-0.011156353451069818,-0.008999803306387458,-0.009305828645506834
ppg0_Heart_Rate,-0.06193073876856988,-0.04709728232486756,0.04025317246471591,0.0408625433244254,-0.056629793559257194,-0.059501764581044995,-0.059492996444810466,0.04059208414226916,-0.05950176458104478,-0.05526425521805529,-0.02453680895803352,-0.05262263326492932,-0.03901083286618106,0.018704387790288657,0.021623671662126448,-0.043456301226687526,-0.04484822229048167,-0.04467085437579484,0.040368943959499554,-0.04505781185069212,-0.04223953319187394,-0.017520839879881255,-0.1456365273519942,-0.056792640463834164,1.0,0.1569000505669723,-0.08393881221700535,-0.06381050830166592,-0.06383760708817086,0.08592222995428826,-0.06381050830166565,-0.08932929609303533,0.11973839045805942,-0.12441804922581713,-0.04023639075566627,0.38708567430331203,0.12276292284718476,-0.08851251924091683,-0.07416081466340428,-0.07411981255311571,0.07943683354840285,-0.07416081466340378,-0.09216699624197942,0.09496499028011858,-0.10907902056949145,-0.05276299642449606,0.36725804006235935,0.12498212858684463,-0.05966147596804459,-0.05524063822883779,-0.055331914952941035,0.07936047307634093,-0.05524063822883791,-0.06070779999135472,0.08534572042895366
ppg0_Mean_HR,-0.48083022057999236,-0.3602409756316819,0.11627707564798363,0.39786186243217625,-0.4034207913220945,-0.42571066327791635,-0.42405827008154795,0.4303515547673884,-0.42571066327791623,-0.3930294699108036,-0.20660700443725902,-0.3714176623762691,-0.24758184426005916,0.09691193375322098,0.2923176953808546,-0.3395138458041932,-0.37124260588406705,-0.37157145331442987,0.43131692125981363,-0.3728663665319326,-0.3217299752425345,-0.18859737150907768,-0.9023037578256142,-0.3813252271792275,0.1569000505669723,1.0,-0.4323294795093511,-0.4419682382563752,-0.4403836735563314,0.7068734702292706,-0.4419682382563743,-0.4269694721791833,0.02596395472661662,-0.7640499923123147,-0.4940413814535367,0.16045641064470856,0.8075232681566069,-0.3933495230626124,-0.3852444324770857,-0.38409035381553547,0.650877366970978,-0.3852444324770838,-0.39340664175869694,0.09013492628660677,-0.6906293882464282,-0.5220839293283226,0.14333342470327964,0.836084932649242,-0.2834958805641464,-0.29206393748117865,-0.2915809928903613,0.6550170644667119,-0.2920639374811804,-0.2804983176620003,0.09398289222814954
ppg0_SDNN,-0.007227537383256776,-0.0919092509133338,0.013995587866063506,0.07758600910631211,0.06552404818120826,0.056342935165514405,0.056387020764018185,0.046067752333454566,0.056342935165514106,0.06810580092474118,-0.03883582633385567,0.005281629567566072,-0.03360520081358056,0.022928954713510325,0.0946628977906103,0.08458595444130279,0.07486703460986145,0.08453766106882929,0.031713486101447315,0.07616005257119166,0.07935572821798258,0.011459358980648654,0.7503250884191834,0.011879194902238238,-0.08393881221700535,-0.4323294795093511,1.0,0.9834530739109999,0.9834854451217513,-0.5276164554275777,0.9834530739109911,0.9986281930139418,-0.16922154425215852,0.5418469089889608,0.07596541409880488,-0.07608382475939827,-0.3298899152970048,0.7548257479989003,0.7165299718084002,0.7162115547141416,-0.4177086140940178,0.7165299718083971,0.7609718501675624,-0.19536166559753892,0.6218617410745936,0.07035372104252532,-0.04833178637191069,-0.3471898716695256,0.7083989129083657,0.7075120547844875,0.7079496285757519,-0.4738810534591447,0.7075120547844838,0.7063082536139449,-0.23201259452659362
ppg0_SDSD,0.025929972673866056,-0.06198972813594296,0.0075230374334512625,0.03700475077296246,0.08068768071196177,0.07178827476303565,0.07176004762218458,0.008795367203304025,0.07178827476303572,0.0830429604760012,-0.03877092848448047,0.01712327252839534,-0.027294892061801974,0.017344963091988602,0.061349400146738134,0.09120755769595859,0.08404860906725925,0.09349301714007717,-0.006232977702975247,0.08528932445526645,0.08576597741455554,0.03107147918575653,0.7484624146825088,0.02162963396383326,-0.06381050830166592,-0.4419682382563752,0.9834530739109999,1.0,0.9999639776354877,-0.536858030054734,1.0000000000000007,0.9726313267341523,0.0005011193307920346,0.5487514426765866,0.10135784174425025,-0.07581091539725196,-0.35266186259664845,0.7273211415384566,0.6990877190627952,0.6987071406851685,-0.43244014420084936,0.6990877190627961,0.7307251915253912,-0.14229856024439183,0.6237272870538063,0.09720964629222796,-0.03910742512946022,-0.36740277007734407,0.681359799123104,0.6850751942589351,0.6853378869288539,-0.48271758220100147,0.685075194258934,0.6781054256677252,-0.1794079267565871
ppg0_RMSSD,0.024454772147246565,-0.06367636483344923,0.007679390706785881,0.03704954409700811,0.08011980061034078,0.0711916281850719,0.0712036419522368,0.011064767315904122,0.07119162818507133,0.08249384936354728,-0.03915630983269365,0.015996912865875946,-0.0283326490662045,0.017538000095955842,0.061158466745456046,0.08998964216033223,0.08358612936704035,0.09226705142740617,-0.004054983813894507,0.08470037671275589,0.08520802495585156,0.030873209457625384,0.746913460786576,0.018260815038288955,-0.06383760708817086,-0.4403836735563314,0.9834854451217513,0.9999639776354877,1.0,-0.5331851929676382,0.9999639776354876,0.9726875413107775,-0.0001079309102132991,0.5482389093637529,0.09957998088126768,-0.07574530256216326,-0.35205213291436876,0.7278084198975657,0.6995320156250724,0.6991874262805092,-0.4289450879654503,0.6995320156250705,0.7312250859981249,-0.14268787409988856,0.623175971319569,0.095408295741884,-0.039040400695435476,-0.36677090913651006,0.6814769187290045,0.6851940948783454,0.6854863969808652,-0.4792419917693128,0.6851940948783449,0.6782255886567499,-0.1800931786201021
ppg0_NN_Count,-0.26796951488045806,-0.16831665711373264,0.057147808739619374,0.12627555253623865,-0.2838217003338394,-0.287667241118396,-0.2842786879246179,0.8932785807656893,-0.2876672411183957,-0.2802706709493213,-0.09319201510982969,-0.2512620475839096,-0.15253630881644467,0.03889977026202761,0.04097034715100614,-0.3306561191086868,-0.3122345209408818,-0.34020694051521916,0.8815407367164144,-0.3209629089572014,-0.30453534983696817,-0.07951935323705114,-0.7401837405795054,-0.24774145006670045,0.08592222995428826,0.7068734702292706,-0.5276164554275777,-0.536858030054734,-0.5331851929676382,1.0,-0.5368580300547312,-0.521506815780279,0.015667345585011636,-0.5304559455132437,-0.31336199498754314,0.0943905489825023,0.5014129720354793,-0.3770176165599266,-0.3733958988840924,-0.3704435474733582,0.9882640843826669,-0.3733958988840914,-0.3754892011557578,0.03662940847707442,-0.5070656896445572,-0.29799313760113966,0.09613107368740115,0.5272120989560422,-0.29723006717843903,-0.3033926346497917,-0.30187284875741205,0.989493621773098,-0.30339263464979377,-0.29466852441722174,0.08061354805563677
ppg0_SD1,0.025929972673866947,-0.061989728135942154,0.007523037433450667,0.03700475077295996,0.08068768071196261,0.0717882747630365,0.07176004762218517,0.00879536720330234,0.07178827476303619,0.08304296047600149,-0.03877092848447983,0.017123272528395787,-0.027294892061801617,0.017344963091988002,0.061349400146736344,0.09120755769595888,0.08404860906725953,0.09349301714007738,-0.006232977702976266,0.08528932445526849,0.0857659774145577,0.031071479185756687,0.7484624146825066,0.021629633963833376,-0.06381050830166565,-0.4419682382563743,0.9834530739109911,1.0000000000000007,0.9999639776354876,-0.5368580300547312,1.0,0.9726313267341541,0.0005011193307933355,0.5487514426765875,0.10135784174425137,-0.07581091539725246,-0.3526618625966502,0.7273211415384564,0.6990877190627964,0.6987071406851695,-0.4324401442008486,0.6990877190627934,0.7307251915253927,-0.14229856024439083,0.6237272870538028,0.09720964629222943,-0.03910742512946034,-0.36740277007734573,0.6813597991230975,0.6850751942589334,0.6853378869288566,-0.4827175822010042,0.6850751942589351,0.678105425667723,-0.17940792675658562
ppg0_SD2,-0.016978464997173422,-0.1002789342467206,0.0157826485079588,0.08900636267413728,0.06089271621956249,0.0516878956421534,0.051754734960241265,0.05666623915448393,0.051687895642153106,0.06352296158063081,-0.03857902672426947,0.0018099905636669567,-0.03530701866154781,0.024459108658872256,0.1038711227746391,0.08227084675971534,0.0718550589195682,0.08153436281411293,0.04251977233592147,0.0731538376078815,0.07714234389424575,0.005732585284324046,0.7462169560084584,0.008707228304916211,-0.08932929609303533,-0.4269694721791833,0.9986281930139418,0.9726313267341523,0.9726875413107775,-0.521506815780279,0.9726313267341541,1.0,-0.21760457121201976,0.5365468959411767,0.06794095802455445,-0.07571847634427499,-0.3213455471094193,0.7581999767474008,0.7172280743477046,0.7169342364181511,-0.41072008010496525,0.7172280743477042,0.7651035721193433,-0.2097768497694078,0.6173865299330636,0.06193480577227176,-0.050647560476613104,-0.33920513682267583,0.711695977200837,0.7094871088169867,0.7099752894120765,-0.4681744663834165,0.7094871088169878,0.7099555618465614,-0.2460565485059946
ppg0_SD1_SD2,0.16827842356571235,0.1687123202521539,-0.029601966115768673,-0.2403029967945531,0.04155718114650565,0.04814456744339259,0.047497032843386064,-0.19988207407934702,0.0481445674433937,0.03886138214053527,0.020771878838724223,0.05241185475621426,0.0335192109818864,-0.037542968707732494,-0.1920629258146227,0.001738115688244779,0.013812922413877333,0.013536628327114095,-0.1904414062035291,0.013730421467961764,-0.0008253317245221937,0.09390543728725897,-0.08865914714145216,0.06052829926930089,0.11973839045805942,0.02596395472661662,-0.16922154425215852,0.0005011193307920346,-0.0001079309102132991,0.015667345585011636,0.0005011193307933355,-0.21760457121201976,1.0,-0.027603012367241872,0.11411935154965984,0.015251600729627696,-0.06631825287090505,-0.20956795593528754,-0.15718519623452565,-0.1575532748358206,-0.028493178240202293,-0.1571851962345254,-0.22374899614206586,0.34363890962395677,-0.05342763815583448,0.12344781436443576,0.045249442526006385,-0.04384821113125773,-0.1706647797976538,-0.14596813879142054,-0.14677734389867947,0.0005836242282143705,-0.14596813879142054,-0.17705583417098064,0.3602225215761799
ppg1_Mean_NN,0.3890702852043983,0.2542139933388689,-0.09728107328194663,-0.3954509724320094,0.23376907853547538,0.27023685393897184,0.26858847855230206,-0.261759074093389,0.2702368539389719,0.2193532389980433,0.21521383888238965,0.290529086664881,0.21169022945830748,-0.06750585502335213,-0.35957026883742504,0.07856635607627237,0.1477710281907712,0.13434476098250836,-0.23700384431152532,0.14715889987170006,0.05957340790591807,0.2934390146504643,0.7991194261141503,0.29370099632450486,-0.12441804922581713,-0.7640499923123147,0.5418469089889608,0.5487514426765866,0.5482389093637529,-0.5304559455132437,0.5487514426765875,0.5365468959411767,-0.027603012367241872,1.0,0.51857395878724,-0.19864545470431239,-0.9365813342849598,0.7379429809196677,0.7242241379469342,0.723384333719571,-0.7237249764765962,0.7242241379469307,0.7373275741923638,-0.10784309273954967,0.8276821355629667,0.5032628926168523,-0.1452523123810721,-0.8301399031610116,0.5195113693929593,0.52818930625131,0.5280637036606409,-0.6353768231249831,0.5281893062513114,0.5156346365413176,-0.13273491297439222
ppg1_Median_NN,0.5266031951544277,0.4558128574518598,-0.11758574261634774,-0.42992534240649966,0.32224836256286526,0.3535695815479067,0.3500050261816883,-0.37305527334303,0.35356958154790763,0.3090791151137602,0.19827225041662458,0.5258600896139105,0.44720013581307094,-0.08619131585776854,-0.39100881250020175,0.22516810222213934,0.31583493554695147,0.29449605375558596,-0.35551591431998414,0.3158563820018775,0.19285932001219327,0.2910060178025607,0.4257596418056669,0.6166967419550473,-0.04023639075566627,-0.4940413814535367,0.07596541409880488,0.10135784174425025,0.09957998088126768,-0.31336199498754314,0.10135784174425137,0.06794095802455445,0.11411935154965984,0.51857395878724,1.0,-0.07845970871050693,-0.5839302003935922,0.11577550251367318,0.12464572420199534,0.12330386276755505,-0.4005754231553092,0.12464572420199495,0.11245466024571997,0.02793865841123164,0.37982221637208935,0.6954559493655806,-0.10099046473700168,-0.5167583615579558,0.03732286608945558,0.044056735841210795,0.04307029546866617,-0.3468534402261671,0.044056735841211454,0.0354648934102606,0.02476412912791492
