,red_Mean_NN,red_Median_NN,red_Heart_Rate,red_Mean_HR,red_SDNN,red_SDSD,red_RMSSD,red_NN_Count,red_SD1,red_SD2,red_SD1_SD2,infrared_Mean_NN,infrared_Median_NN,infrared_Heart_Rate,infrared_Mean_HR,infrared_SDNN,infrared_SDSD,infrared_RMSSD,infrared_NN_Count,infrared_SD1,infrared_SD2,infrared_SD1_SD2,ppg0_Mean_NN,ppg0_Median_NN,ppg0_Heart_Rate,ppg0_Mean_HR,ppg0_SDNN,ppg0_SDSD,ppg0_RMSSD,ppg0_NN_Count,ppg0_SD1,ppg0_SD2,ppg0_SD1_SD2,ppg1_Mean_NN,ppg1_Median_NN,ppg1_Heart_Rate,ppg1_Mean_HR,ppg1_SDNN,ppg1_SDSD,ppg1_RMSSD,ppg1_NN_Count,ppg1_SD1,ppg1_SD2,ppg1_SD1_SD2,ppg2_Mean_NN,ppg2_Median_NN,ppg2_Heart_Rate,ppg2_Mean_HR,ppg2_SDNN,ppg2_SDSD,ppg2_RMSSD,ppg2_NN_Count,ppg2_SD1,ppg2_SD2,ppg2_SD1_SD2
red_Mean_NN,97887.46904544174,60138.669895346015,-2784.749716570656,-2612.4297201156146,72447.80454193377,110327.09590495769,109331.66970519476,-6110.342597376554,78013.03766301423,86361.12054828648,5.7100511389650235,101245.83685936446,41240.11239698293,-2176.430091917851,-2244.384694588584,88580.36011454333,136949.08097638408,135641.54879788673,-5300.596165962681,96837.62383566711,104890.11608104703,7.324649752810421,6119.473718691669,585.0060886182259,-255.24787760470596,-465.59306104757627,-2431.906297413921,-1478.698257475736,-1464.3862168304963,-1224.2577889997633,-1045.5975651898443,-3506.6389699353044,2.4540439614026397,9480.964031146581,6527.3882080576,-812.6707168257175,-587.0329897647482,1075.2578970569461,3196.970504022584,3181.967655695501,-1659.2209622883188,2260.5995226477053,863.8944034150301,1.9260814713433603,4866.621326341591,7109.182681986395,-383.9497947501355,-486.9336602967832,-9779.224828460836,-11468.341203304733,-11398.357326118856,-1031.2116811033552,-8109.341833817897,-12576.467772037777,1.2131636322902415
red_Median_NN,60138.669895346015,50966.807759054886,-2014.2346238225223,-1898.282165799644,34465.33512039231,53873.9662519047,53359.00139250208,-3891.584854588411,38094.64686613706,40684.246708615574,3.800467301541209,61946.56983026474,34142.8668384356,-1619.5210225116732,-1742.4879390649944,39140.1277107886,63676.09021154566,63010.920187523276,-3338.458163734055,45025.79518803031,45441.35959429351,5.182727577024624,2317.682544038149,327.6187550096419,-257.9832027371557,-262.68896104767765,-4909.866515399709,-5781.608463221989,-5744.422310715749,-424.5891774908935,-4088.2145505098088,-6326.377155197394,1.3271626739943236,4391.42591672287,3870.610814681042,-481.26717202110757,-330.6025656639123,-2367.7089688867254,-2209.3899618667824,-2194.5115728998917,-681.2558627844957,-1562.274624321496,-3205.176910581688,0.9963354895675769,1354.4478742574986,4261.86757130377,-307.09191417517616,-265.6559792456648,-9735.858062302588,-11749.31540538636,-11676.16327084231,-303.98668523562344,-8308.020597448305,-12433.753210537903,0.7799828029334338
red_Heart_Rate,-2784.749716570656,-2014.2346238225223,1764.2282052674473,97.35018971162145,-1326.2380548888439,-2192.48202802238,-2167.512238012787,170.85322751793944,-1550.3189096442627,-1530.3866625690616,-0.20009093337792722,-3065.9659978139516,-1636.3014174064074,182.4956212782622,90.09300486528477,-1663.0140211866508,-2640.9321778589524,-2608.58764934697,159.54770995420256,-1867.421051617824,-1941.575743053093,-0.25033262548261104,-168.9000745470824,-22.67581966599749,48.673015257727464,15.0742421816049,172.30509700398773,181.45080774404573,181.04584121616182,46.66296420377589,128.30509660759282,227.56639060150437,-0.04947239149665262,-278.847048691523,-229.60812645266085,36.06847709988637,19.577518230717182,65.8996815366933,-8.293364335127615,-7.717484289489768,59.12027252877662,-5.864294160217343,107.09061232663944,-0.07146193560420323,-114.25546013603685,-227.93436676015594,16.80620914718123,18.548009347727184,661.2314189302489,715.9178715406298,713.4495514159336,44.85133468265289,506.23038173902063,864.6241248287953,-0.05249080933603776
red_Mean_HR,-2612.4297201156146,-1898.282165799644,97.35018971162145,99.96516120834625,-1052.7862270149606,-1795.5669738110046,-1775.3443319649473,144.96377950777713,-1269.657583256368,-1199.7678783474475,-0.19417299433950133,-2606.09254078432,-1526.2579385320266,82.8648153818417,98.20431647947497,-739.0683699057976,-1610.169572403669,-1587.3782197547669,119.03784395779017,-1138.561823506883,-740.5818769298925,-0.2962472401204323,-220.46305489400822,-22.243840855750253,5.184446130035271,15.15947248944352,53.5353998843377,19.600971977539942,18.39895469297271,25.454032200268816,13.859980203166279,80.85432607294041,-0.08948956487678894,-366.85333954790696,-216.06273742207605,28.448623308208326,21.155927908586243,-110.2814332489693,-187.20462175053427,-187.05696218759627,45.83349428157671,-132.37365750926386,-126.38157167560205,-0.05112802717688646,-301.5063441022362,-241.7559173493782,20.46261109102447,20.138960202708514,80.27190302036132,74.99426524312976,74.22181226954865,36.55860498660827,53.0289535035212,108.63967540211202,-0.05009106587781495
red_SDNN,72447.80454193377,34465.33512039231,-1326.2380548888439,-1052.7862270149606,85079.6268868126,123008.65899083731,122066.76371939114,-5032.317718168335,86980.25691708448,103313.19039003624,2.817771685137684,77041.40500854279,15449.009060571463,-748.7152936564246,-395.0605074235929,121333.01848784677,171122.23054453518,169753.4383379565,-4467.582765203962,121001.68962980852,148419.17900201582,1.798995875112358,3171.0589717329826,212.6739234961309,-254.14268916603035,-269.4524443698433,-1607.8673008472283,-1047.012114499947,-1050.497349886634,-1009.6714748722325,-740.3493661474072,-2292.5679086426776,1.1085356819061285,2722.678782130864,3224.639570304742,-378.5775101662498,-219.32866074438658,-2116.9409789830256,-1536.1319874270628,-1539.5009937732866,-849.2551380874099,-1086.2093451072526,-2982.5619463580133,1.3639948352199365,-1652.4225824879845,3091.3193280581595,-0.07852080293134939,-122.69160253490098,-11860.717042777398,-14562.912924341488,-14475.442045037991,-286.22663514725014,-10297.534482631061,-15072.512102108654,0.39419052162734597
red_SDSD,110327.09590495769,53873.9662519047,-2192.48202802238,-1795.5669738110046,123008.65899083731,182358.73655445123,180945.44901373945,-7482.063276557817,128947.09922626372,148098.07615991237,7.311214385648684,117680.44999371219,26439.76725223807,-1413.5865411522839,-872.9298326244821,175130.3540764899,249395.9128206877,247365.57289475223,-6664.0133089821165,176349.54115571728,213542.29232810604,3.463872751470059,5204.90829702692,375.5967996844063,-402.0485345353132,-437.26296955513163,-2884.9679326709565,-2271.7054489791312,-2266.105747949452,-1530.0880136458366,-1606.3383278316119,-4009.743167865937,1.673459920420657,5384.802519481783,5516.980849741413,-602.1439673185029,-401.53568919953045,-2622.0268966834037,-1669.3433929927216,-1671.830856443121,-1427.280142969951,-1180.4040333141245,-3756.7671731524797,1.8788956223988542,-884.0617326049437,5184.085012079095,-23.386643618078615,-260.8889413724164,-16908.54894900763,-20736.891979833446,-20611.585281536503,-613.6921384513593,-14663.196939673166,-21491.395772395106,0.566890590172049
red_RMSSD,109331.66970519476,53359.00139250208,-2167.512238012787,-1775.3443319649473,122066.76371939114,180945.44901373945,179546.00543427418,-7407.88595095119,127947.75402246002,146969.24752488837,7.249778364281451,116628.81419565083,26150.73684204968,-1393.3292737411846,-858.7848801362825,173839.04156321083,247522.00289026354,245509.20383859886,-6598.434263659801,175024.48673658166,211978.75389870597,3.4119348280274178,5137.53617851842,370.9496688217399,-400.1323841070703,-432.3374155661131,-2871.366004892916,-2275.4681982998536,-2268.472183356436,-1500.3127950576968,-1608.9989933922227,-3986.845329812229,1.6461229853669042,5303.412484599944,5457.738522334985,-594.9302102891601,-396.28195374607964,-2620.881120869453,-1692.9156535020022,-1694.1303063173007,-1395.9369296533393,-1197.0721385681381,-3748.461528034986,1.8485918374394743,-913.8168531988521,5124.599018205913,-20.688339773564405,-256.6951795132912,-16781.842514139542,-20586.869375581125,-20461.546796050858,-588.8333353043596,-14557.114938875075,-21328.68997685195,0.5516671107172512
red_NN_Count,-6110.342597376554,-3891.584854588411,170.85322751793944,144.96377950777713,-5032.317718168335,-7482.063276557817,-7407.88595095119,1898.502537037951,-5290.617680120871,-6050.411200748718,-0.29678748283703227,-6520.848324101425,-2351.0716942249082,148.56709529341506,107.92388566887806,-7127.717020969709,-10474.83907338925,-10374.898362833806,1715.5270161205428,-7406.829740631364,-8594.271449168004,-0.38531155131861095,-311.6957336003219,-27.966542798964518,14.409483500611795,27.369333126428906,271.33833398143656,232.23141559875418,238.71154246149,2341.9272785969492,164.21240877443262,373.54645521316536,-0.18077625724717014,-415.13322231783974,-358.83912819848126,46.49341600516423,29.71012986833932,149.32734848387562,73.00236147294402,79.05677018252335,2337.1244938205737,51.62046484015217,220.71028550871242,-0.15381180411111023,-35.15122571821656,-384.3086036993798,23.739909515699708,21.179542209673706,1005.0995048376077,1217.8135071276408,1215.655760288881,2264.8427317196465,861.124189110526,1283.5888489323283,-0.10754181870782167
red_SD1,78013.03766301423,38094.64686613706,-1550.3189096442627,-1269.657583256368,86980.25691708448,128947.09922626372,127947.75402246002,-5290.617680120871,91179.3682772255,104721.15393335556,5.16980927080082,83212.64420363827,18695.738717051565,-999.5566290428175,-617.2546041488109,123835.86095908673,176349.5411557172,174913.87402597442,-4712.169000698652,124697.95641034385,150997.2029753237,2.449327911731784,3680.4259522818816,265.5870440488092,-284.29124513603455,-309.1916109342013,-2039.980388697365,-1606.3383278315673,-1602.3787412608626,-1081.935610261227,-1135.852724489599,-2835.3165848144554,1.1833148577733508,3807.6303768759803,3901.09457052848,-425.78008254148546,-283.928608721403,-1854.0529990983587,-1180.4040333141086,-1182.162935587849,-1009.2394677469587,-834.6716964963756,-2656.4355434751096,1.3285798357399434,-625.1260461124635,3665.7016662886813,-16.536854291537228,-184.47633958101648,-11956.149621867895,-14663.19693967316,-14574.59172357922,-433.945872659834,-10368.4459899167,-15196.711687824449,0.400852180501501
red_SD2,86361.12054828648,40684.246708615574,-1530.3866625690616,-1199.7678783474475,103313.19039003624,148098.07615991237,146969.24752488837,-6050.411200748718,104721.15393335556,125814.56906275531,2.508057310769648,91723.95630838966,17568.567414972495,-814.8393020684582,-391.7646795169253,147452.6138207298,207258.43602006964,205611.38551399854,-5364.711698506885,146553.84556790948,180569.78268738612,1.9307684355929573,3667.0034241220474,238.97889797573688,-298.599835905729,-313.35572251579293,-1808.5774831248975,-1079.6161973734847,-1086.4888129299297,-1202.519515876494,-763.4039342416481,-2604.603574005729,1.324151864389004,2881.3359284691223,3667.068037722333,-442.9890688727005,-241.74496035659618,-2710.6150317902843,-2046.731636134686,-2051.171894931226,-970.0035268838066,-1447.2578191798775,-3797.5531111475425,1.6792698004645559,-2444.74566705031,3549.0827694354853,8.259214035972464,-124.7252501591613,-14481.82147947201,-17790.064277708007,-17683.352989988023,-286.47366707178617,-12579.475088511908,-18401.667329485725,0.4792386190377283
red_SD1_SD2,5.7100511389650235,3.800467301541209,-0.20009093337792722,-0.19417299433950133,2.817771685137684,7.311214385648684,7.249778364281451,-0.29678748283703227,5.16980927080082,2.508057310769648,0.002673413227119236,6.411769643489051,3.138923739566682,-0.25912486028116044,-0.19054786402144785,4.104063739806214,7.11839097028627,7.039716135699284,-0.2784991233887116,5.033462526226526,4.641061174473639,0.00047743518515515516,0.38128211773821763,0.04915446600170424,-0.0406239428868861,-0.035919474048189036,-0.5942559376415967,-0.8540623814627751,-0.8454476318440306,-0.06180929337222852,-0.6039133014886613,-0.7232587268135666,-5.3000042131561255e-05,0.9750095702857493,0.6407163586317274,-0.04917470586144743,-0.05900304873060245,0.22903829215465088,0.27121415293691675,0.2733092762679586,-0.15308933219412288,0.1917773666954558,0.2948283774441802,-0.0001305459783188417,0.7716128572753729,0.5566641255110859,0.004006219626626383,-0.05233780723174294,-0.49482052326907683,-0.633741510066964,-0.6286008820541423,-0.11911445715516765,-0.4481229192877573,-0.6193391747997066,-6.236503119329585e-05
infrared_Mean_NN,101245.83685936446,61946.56983026474,-3065.9659978139516,-2606.09254078432,77041.40500854279,117680.44999371219,116628.81419565083,-6520.848324101425,83212.64420363827,91723.95630838966,6.411769643489051,136672.823736669,53369.24031495498,-2733.404513140098,-2690.313473806101,139674.63564375805,209562.1536706421,207622.44623189617,-7341.758055523942,148182.81994056836,167272.3323078098,7.894148486864489,8016.936314990863,501.34813079425,-275.12296769299917,-590.6859361742274,-2553.1828413207636,-1217.4233053460082,-1227.0747748452195,-2003.0306461363327,-860.848274784742,-3765.6843737759054,2.782032996915769,10337.975489515218,7153.387927136743,-853.2424969194444,-643.5663752870745,1028.6447893096847,2835.572929601628,2805.2652043324397,-2254.665667182707,2005.052847070293,889.5662213981791,1.432672180073791,5217.342874794658,7439.816459261528,-342.0559701585892,-530.4360553492886,-10827.001186296007,-12857.918866066684,-12812.640698101786,-1518.6889643878762,-9091.921622142207,-13890.863703486033,1.3004028039997937
infrared_Median_NN,41240.11239698293,34142.8668384356,-1636.3014174064074,-1526.2579385320266,15449.009060571463,26439.76725223807,26150.73684204968,-2351.0716942249082,18695.738717051565,17568.567414972495,3.138923739566682,53369.24031495498,45313.52714818818,-1902.0770299496596,-2142.0645827188696,8018.414675872671,21359.835618473597,20960.723521914988,-2751.1677335258128,15103.684610852642,6907.412272350392,5.436774953949388,1028.3257491971958,263.81046061144696,-35.09106371870876,-180.9540155674433,-5400.056652526767,-6457.756900480428,-6410.607641537472,-38.10022389872935,-4566.323695583933,-6932.42171088117,1.0920760536014134,3378.740050001752,3265.997346995282,-412.46687319201015,-265.5350920158341,-2555.046334745318,-2881.1733673776544,-2857.2519730480903,-366.31913972955937,-2037.2972258468185,-3323.012791447347,0.3581945230525734,1056.7173493293799,3679.57614360604,-166.47748761614332,-235.81546832669977,-9258.254949454145,-11618.382016439054,-11551.704125933846,-70.50115129442085,-8215.436710239914,-11711.508471494732,0.3504428040572602
infrared_Heart_Rate,-2176.430091917851,-1619.5210225116732,182.4956212782622,82.8648153818417,-748.7152936564246,-1413.5865411522839,-1393.3292737411846,148.56709529341506,-999.5566290428175,-814.8393020684582,-0.25912486028116044,-2733.404513140098,-1902.0770299496596,1961.610118365679,111.9931876080759,-717.7884579185722,-1314.4814151081684,-1289.8976049728562,153.77139055706513,-929.478722366676,-783.540485143542,-0.22715636904591108,-204.15192103287092,-20.010085466067864,11.275860795160693,16.103532716891333,87.46028842292785,78.98177177266074,80.94803231652243,74.95838042145438,55.848546410576844,118.91763650692988,-0.054223276156766954,-300.2980752992991,-173.92271568087276,62.03017168833318,19.15455353394615,16.52800926452095,2.574783159637151,4.76761500844879,88.42678618999771,1.8206466322658217,26.714830511765907,-0.02631627232654114,-88.73044619528174,-215.31634167651725,7.2926870054818504,15.946343208585464,335.08063196503946,449.3614530107593,447.0434440548327,70.40692381036095,317.7465306277492,418.99366533709014,-0.029835669520756922
infrared_Mean_HR,-2244.384694588584,-1742.4879390649944,90.09300486528477,98.20431647947497,-395.0605074235929,-872.9298326244821,-858.7848801362825,107.92388566887806,-617.2546041488109,-391.7646795169253,-0.19054786402144785,-2690.313473806101,-2142.0645827188696,111.9931876080759,142.2097923011518,759.6674926810443,348.983326868714,362.3333661944757,118.76083421175478,246.7684769499067,1138.7078795787772,-0.3430590275796039,-215.12730070964915,-23.586602995996728,-0.6359393189266399,15.609736803785855,100.69465807588831,79.2257090682002,77.5330755506893,19.829116485824816,56.02103612643697,140.6818428259239,-0.08739260850521677,-421.4506365691755,-236.7477980051328,27.396400254330324,24.261195874606905,-131.2846881040701,-225.58099178884518,-225.44059941205404,50.44155150963833,-159.50984900067775,-149.8258871564954,-0.057573832668286196,-373.99248160517647,-269.5123661981812,19.53508120147733,24.29992162685613,54.423071060500526,53.27425333451265,52.772544058116296,43.16977042764892,37.670585795486296,73.2442985729968,-0.03711073222286001
infrared_SDNN,88580.36011454333,39140.1277107886,-1663.0140211866508,-739.0683699057976,121333.01848784677,175130.3540764899,173839.04156321083,-7127.717020969709,123835.86095908673,147452.6138207298,4.104063739806214,139674.63564375805,8018.414675872671,-717.7884579185722,759.6674926810443,300487.4210392061,415215.09889910865,412123.37829899316,-8540.054926089393,293601.4120826024,370181.0319866303,-0.6647009164794646,7697.771147787624,-125.92201461388699,-593.945770219895,-522.0266671588174,614.7427887148939,2358.1786734516677,2279.475927400575,-3098.486129794781,1667.4841312471237,378.19338569764363,1.284031631514984,1666.9001020244852,3107.8086088283007,-413.26409574282235,-175.3368337574556,-3457.0076055430145,-4253.557158719336,-4290.448964229952,-1957.7175254872081,-3007.719111094983,-4394.791320723961,0.24487197432152352,-3727.176248012611,2205.4699225573545,49.35622759385769,-33.638317795040514,-14463.940817531366,-17791.43209692229,-17754.907176034627,-1198.835318496572,-12580.442282753686,-18382.033558487925,0.6016239551227305
infrared_SDSD,136949.08097638408,63676.09021154566,-2640.9321778589524,-1610.169572403669,171122.23054453518,249395.9128206877,247522.00289026354,-10474.83907338925,176349.5411557172,207258.43602006964,7.11839097028627,209562.1536706421,21359.835618473597,-1314.4814151081684,348.983326868714,415215.09889910865,588179.6193067137,583694.9852432354,-12424.98467738052,415905.79736749904,507534.26641147444,5.974404484517037,12147.654432393769,-53.35046327989466,-837.12771091642,-803.2305098129874,1948.7244891480939,5171.493121843641,5070.002366633036,-4260.313706201299,3656.79785531514,1770.3872900868926,2.3671365864705223,5362.107461688521,5833.017470466371,-756.2158888798155,-400.58285777127924,-2725.758587460096,-2750.838808888782,-2805.2517333479395,-2932.8510684016564,-1945.1367757163455,-3624.246382464643,0.7354889819428593,-2565.0176506612784,4558.427482368369,-13.403824624307374,-179.25847350437417,-18513.603405394064,-22471.268378925124,-22412.96849327273,-1793.493423670997,-15889.586252600695,-23601.918261318406,1.0042685449921227
infrared_RMSSD,135641.54879788673,63010.920187523276,-2608.58764934697,-1587.3782197547669,169753.4383379565,247365.57289475223,245509.20383859886,-10374.898362833806,174913.87402597442,205611.38551399854,7.039716135699284,207622.44623189617,20960.723521914988,-1289.8976049728562,362.3333661944757,412123.37829899316,583694.9852432354,579250.0123573391,-12308.730368820261,412734.68221007264,503785.38729303,5.883861456021684,12017.015878525337,-55.37883097764148,-831.8956132047883,-794.5679851976979,1937.5157099841629,5125.062049007867,5025.411080979992,-4210.829984009615,3623.9661288551974,1764.8110503657,2.332988212698178,5264.779623938953,5757.837167920795,-747.3320273521118,-394.2589541427491,-2723.4605514485734,-2768.162144609488,-2821.134487095733,-2890.3333505971073,-1957.3862238771942,-3615.7759114505507,0.71238656735063,-2595.634132528844,4492.0652077938275,-11.172359871691048,-174.42370523624942,-18351.1636756292,-22274.744951387012,-22216.75958603555,-1759.6911053317338,-15750.62320432655,-23394.658099212702,0.991817982579822
infrared_NN_Count,-5300.596165962681,-3338.458163734055,159.54770995420256,119.03784395779017,-4467.582765203962,-6664.0133089821165,-6598.434263659801,1715.5270161205428,-4712.169000698652,-5364.711698506885,-0.2784991233887116,-7341.758055523942,-2751.1677335258128,153.77139055706513,118.76083421175478,-8540.054926089393,-12424.98467738052,-12308.730368820261,1640.4131722448749,-8785.790921514727,-10336.632391239804,-0.35305894211777356,-351.3458791886483,-19.01220574797085,12.14278900548354,28.98934354053766,245.85961919437997,189.22479609456684,195.93616457257096,2156.387075493552,133.80213648711282,343.85089596494157,-0.1758961820443165,-397.28776955189977,-325.70258658991446,40.269465762274905,27.924340675300673,125.08850640702117,69.20948996025604,75.21241695766737,2144.9251977345607,48.93849967335924,182.52267447443376,-0.11430475225667516,-24.21236118817584,-340.1268106348537,15.175654555081472,18.97833206330869,907.5408965398202,1116.847284004374,1115.9903705098534,2073.107211784767,789.7302880692718,1154.8743253684443,-0.08682019265441542
infrared_SD1,96837.62383566711,45025.79518803031,-1867.421051617824,-1138.561823506883,121001.68962980852,176349.54115571728,175024.48673658166,-7406.829740631364,124697.95641034385,146553.84556790948,5.033462526226526,148182.81994056836,15103.684610852642,-929.478722366676,246.7684769499067,293601.4120826024,415905.79736749904,412734.68221007264,-8785.790921514727,294089.80965335673,358880.9214640944,4.2245419245533276,8589.688824656425,-37.72447436465541,-591.9386811081722,-567.9697403446905,1377.9563009408935,3656.7978553151875,3585.03305407803,-3012.4967116369257,2585.7465609217343,1251.8528581468754,1.6738183322880884,3791.5825476109517,4124.566208146383,-534.7253830679301,-283.2548551571583,-1927.4023810705282,-1945.1367757163725,-1983.6125235856332,-2073.838878677019,-1375.4194044443743,-2562.729193731588,0.5200692466197888,-1813.7413746457648,3223.294984329798,-9.47793528568223,-126.75488220009191,-13091.094512152587,-15889.586252600771,-15848.362008113605,-1268.1913618912356,-11235.634189462544,-16689.07645158893,0.7101250982962803
infrared_SD2,104890.11608104703,45441.35959429351,-1941.575743053093,-740.5818769298925,148419.17900201582,213542.29232810604,211978.75389870597,-8594.271449168004,150997.2029753237,180569.78268738612,4.641061174473639,167272.3323078098,6907.412272350392,-783.540485143542,1138.7078795787772,370181.0319866303,507534.26641147444,503785.38729303,-10336.632391239804,358880.9214640944,457144.63369094185,-2.7525274762586243,9049.230216016205,-189.371437848818,-726.6744010333762,-619.3069550449052,459.5029594278218,2373.979038861023,2275.514184265241,-3817.401454047483,1678.656676773274,131.40051485606156,1.4037122505694648,1172.6979227551733,3380.4719900828995,-454.53664942088443,-170.01208197567033,-4824.600559002735,-6114.133104883278,-6158.1613154062225,-2340.435458201371,-4323.344979540065,-6086.314886468048,0.17882047961164121,-5337.789896047976,2276.0987407103044,86.502276992551,-2.4396223514481385,-18203.27527984025,-22473.823403282167,-22430.784618325477,-1430.865827080711,-15891.392927649686,-23114.07432989228,0.6933324785255608
infrared_SD1_SD2,7.324649752810421,5.182727577024624,-0.25033262548261104,-0.2962472401204323,1.798995875112358,3.463872751470059,3.4119348280274178,-0.38531155131861095,2.449327911731784,1.9307684355929573,0.00047743518515515516,7.894148486864489,5.436774953949388,-0.22715636904591108,-0.3430590275796039,-0.6647009164794646,5.974404484517037,5.883861456021684,-0.35305894211777356,4.2245419245533276,-2.7525274762586243,0.0041486072438176235,0.8645740574909248,0.0583357334763713,-0.01849714132192414,-0.04381259999073378,0.8021109658580019,1.3879278472685148,1.3806086743660657,-0.07509156873042731,0.9814131926012125,0.9129216251447066,0.0004395253002968277,1.5022281956881265,0.7004027772442275,-0.11145859496231282,-0.07889178171020629,0.9924290584000935,1.5108644608005102,1.5019752979335577,-0.18120584483552857,1.0683425056857918,1.1843794346275076,0.0001859347373948815,1.3037932203446625,0.7363228686741642,-0.0484088941905484,-0.0669415466842323,0.664386340813306,0.956354916798767,0.9533681143767868,-0.13543835194034642,0.6762450468894997,0.8093422348227668,0.0001179706386071836
ppg0_Mean_NN,6119.473718691669,2317.682544038149,-168.9000745470824,-220.46305489400822,3171.0589717329826,5204.90829702692,5137.53617851842,-311.6957336003219,3680.4259522818816,3667.0034241220474,0.38128211773821763,8016.936314990863,1028.3257491971958,-204.15192103287092,-215.12730070964915,7697.771147787624,12147.654432393769,12017.015878525337,-351.3458791886483,8589.688824656425,9049.230216016205,0.8645740574909248,9957.019178744375,113.59331153967297,-213.57379345622127,-291.2021417846949,16257.707394824363,21682.47809166818,21564.96996140687,-1586.3724204325713,15331.827291547324,20258.97991865455,-0.07191757817075202,8679.858900589943,892.6717989839299,-271.39268559590914,-274.30045991899834,13538.222460470528,17027.257300568337,16931.994685949205,-1386.2235841668116,12040.089102240037,17131.72094973505,-0.654085094766132,13388.47368661512,1065.6152358831255,-273.6001731160319,-276.8122627522727,29361.58233994246,35519.03045625233,35247.10599052308,-1633.223975894861,25115.747296787544,37457.71613135712,-0.5136901783161772
ppg0_Median_NN,585.0060886182259,327.6187550096419,-22.67581966599749,-22.243840855750253,212.6739234961309,375.5967996844063,370.9496688217399,-27.966542798964518,265.5870440488092,238.97889797573688,0.04915446600170424,501.34813079425,263.81046061144696,-20.010085466067864,-23.586602995996728,-125.92201461388699,-53.35046327989466,-55.37883097764148,-19.01220574797085,-37.72447436465541,-189.371437848818,0.0583357334763713,113.59331153967297,52.39926889082966,-1.2436032898527623,-6.902439229546398,26.17927209834302,56.006689101478,55.8882933050565,-15.285943161211312,39.602709655461574,26.90045066013082,0.02720082573187174,160.3879749316622,127.86885128226474,-9.5049577077433,-8.80290742270722,69.84203880281883,118.79168310869359,118.30160350801648,-22.162410158260148,83.99840467471995,79.86892994859777,0.03116121948560969,134.44036010998911,129.43256647293538,-3.6323775817772956,-7.957332682818789,15.04185464757008,26.327251734076714,26.2974652443237,-18.564435751350217,18.6161782311705,17.313041371929856,0.0010557358034956642
ppg0_Heart_Rate,-255.24787760470596,-257.9832027371557,48.673015257727464,5.184446130035271,-254.14268916603035,-402.0485345353132,-400.1323841070703,14.409483500611795,-284.29124513603455,-298.599835905729,-0.0406239428868861,-275.12296769299917,-35.09106371870876,11.275860795160693,-0.6359393189266399,-593.945770219895,-837.12771091642,-831.8956132047883,12.14278900548354,-591.9386811081722,-726.6744010333762,-0.01849714132192414,-213.57379345622127,-1.2436032898527623,454.1571093878759,7.689196253170835,-331.73926222818375,-398.51883047227227,-397.3376615963126,34.598409345074316,-281.7953674574754,-425.7571038982043,0.07843076734920679,-134.1930074688936,5.574097445217492,149.57221491087094,4.113437351138312,-251.87379163916222,-297.54228867773224,-296.6043584015448,20.297279408719355,-210.3941700137906,-324.5267672292826,0.07264541836819666,-171.19263432429238,8.257945930714634,164.71454982777385,4.822428365117153,-365.1884081179239,-400.12005302922705,-398.49793193485027,25.878039818812102,-282.92760278568784,-477.2677184061859,0.06638080039281705
ppg0_Mean_HR,-465.59306104757627,-262.68896104767765,15.0742421816049,15.15947248944352,-269.4524443698433,-437.26296955513163,-432.3374155661131,27.369333126428906,-309.1916109342013,-313.35572251579293,-0.035919474048189036,-590.6859361742274,-180.9540155674433,16.103532716891333,15.609736803785855,-522.0266671588174,-803.2305098129874,-794.5679851976979,28.98934354053766,-567.9697403446905,-619.3069550449052,-0.04381259999073378,-291.2021417846949,-6.902439229546398,7.689196253170835,12.909769040189332,-283.86152718387234,-396.53634517013086,-394.29314092817356,55.00174982204324,-280.3935386567293,-349.0499517077204,-0.013439913882437106,-271.2646196745499,-56.070908103972336,11.214005262844596,12.155022826453996,-255.186716440901,-336.5384367825065,-334.5425690610091,50.083484721259936,-237.9686107788307,-318.9737998480981,0.005536391941407648,-341.1592530022929,-63.68328714662829,10.633976519713494,12.704776449266996,-443.3420504901107,-553.002287297047,-548.8555854148242,54.02047232081896,-391.0316673594133,-561.328668084733,-0.004478889655310504
ppg0_SDNN,-2431.906297413921,-4909.866515399709,172.30509700398773,53.5353998843377,-1607.8673008472283,-2884.9679326709565,-2871.366004892916,271.33833398143656,-2039.980388697365,-1808.5774831248975,-0.5942559376415967,-2553.1828413207636,-5400.056652526767,87.46028842292785,100.69465807588831,614.7427887148939,1948.7244891480939,1937.5157099841629,245.85961919437997,1377.9563009408935,459.5029594278218,0.8021109658580019,16257.707394824363,26.17927209834302,-331.73926222818375,-283.86152718387234,36932.73175506358,48438.43789909307,48189.88808850881,-2351.5173839175186,34251.14790853225,46240.50613915127,-0.8855835262671505,13175.50128723794,137.92982511311538,-360.41346973831435,-270.26475140991374,28664.74191356041,35538.04937779968,35351.46890209945,-1933.0980319333364,25129.19570518451,36406.52632838868,-1.7796900709464902,22332.574802101342,313.49472614570374,-274.336167038834,-254.33960478973268,60854.15236806042,74021.9946606836,73474.43081887672,-2444.4756725166562,52341.45438152391,77552.22453189007,-1.6997881655854552
ppg0_SDSD,-1478.698257475736,-5781.608463221989,181.45080774404573,19.600971977539942,-1047.012114499947,-2271.7054489791312,-2275.4681982998536,232.23141559875418,-1606.3383278315673,-1079.6161973734847,-0.8540623814627751,-1217.4233053460082,-6457.756900480428,78.98177177266074,79.2257090682002,2358.1786734516677,5171.493121843641,5125.062049007867,189.22479609456684,3656.7978553151875,2373.979038861023,1.3879278472685148,21682.47809166818,56.006689101478,-398.51883047227227,-396.53634517013086,48438.43789909307,64819.61237852756,64484.25639416199,-3219.3925947217435,45834.38746674036,60299.834606189084,0.2926868547297041,17929.415818192098,410.1417866905922,-492.2852244455597,-391.987357401365,37427.166481718574,46873.05684453457,46619.906977902065,-2698.0800177907977,33144.25634971291,47416.505148510245,-1.921949110661957,30392.442465427124,668.620585733685,-373.26145086492335,-372.2214809566465,80098.67984792474,97631.79554213842,96879.94274452995,-3354.7532766728864,69036.1046872647,102026.1051035717,-2.0070566645374526
ppg0_RMSSD,-1464.3862168304963,-5744.422310715749,181.04584121616182,18.39895469297271,-1050.497349886634,-2266.105747949452,-2268.472183356436,238.71154246149,-1602.3787412608626,-1086.4888129299297,-0.8454476318440306,-1227.0747748452195,-6410.607641537472,80.94803231652243,77.5330755506893,2279.475927400575,5070.002366633036,5025.411080979992,195.93616457257096,3585.03305407803,2275.514184265241,1.3806086743660657,21564.96996140687,55.8882933050565,-397.3376615963126,-394.29314092817356,48189.88808850881,64484.25639416199,64152.360291166275,-3190.8565479696676,45597.254976083976,59991.3109129384,0.28662123321847166,17834.656051579073,408.27503280939624,-489.53258653684827,-389.9481619915775,37234.186514083834,46630.350172469414,46379.839854854035,-2672.105476587139,32972.636816056525,47172.509965172045,-1.9177319545189253,30228.14345810328,666.1971827870377,-371.1732342818809,-370.4725554242789,79656.7180191884,97095.61254258447,96349.11517346889,-3325.4808974040993,68656.96605232319,101462.77770536416,-2.0021772825750572
ppg0_NN_Count,-1224.2577889997633,-424.5891774908935,46.66296420377589,25.454032200268816,-1009.6714748722325,-1530.0880136458366,-1500.3127950576968,2341.9272785969492,-1081.935610261227,-1202.519515876494,-0.06180929337222852,-2003.0306461363327,-38.10022389872935,74.95838042145438,19.829116485824816,-3098.486129794781,-4260.313706201299,-4210.829984009615,2156.387075493552,-3012.4967116369257,-3817.401454047483,-0.07509156873042731,-1586.3724204325713,-15.285943161211312,34.598409345074316,55.00174982204324,-2351.5173839175186,-3219.3925947217435,-3190.8565479696676,3676.8047498403453,-2276.454335029494,-2907.563794689037,-0.07578659002722374,-1291.2052931363514,-164.35246556682668,65.1666731273374,47.43105094310405,-1797.237415518194,-2322.71888316169,-2300.524522967307,3611.677876888748,-1642.4102730736747,-2257.241987742228,0.04555559674052148,-1771.7158910697558,-180.2499305615481,58.76370131496827,48.82510899626506,-3241.4637537060194,-4017.8507129970253,-3980.5619179029804,3594.3858824189947,-2841.0494849554,-4110.950308846367,0.020043765534991053
ppg0_SD1,-1045.5975651898443,-4088.2145505098088,128.30509660759282,13.859980203166279,-740.3493661474072,-1606.3383278316119,-1608.9989933922227,164.21240877443262,-1135.852724489599,-763.4039342416481,-0.6039133014886613,-860.848274784742,-4566.323695583933,55.848546410576844,56.02103612643697,1667.4841312471237,3656.79785531514,3623.9661288551974,133.80213648711282,2585.7465609217343,1678.656676773274,0.9814131926012125,15331.827291547324,39.602709655461574,-281.7953674574754,-280.3935386567293,34251.14790853225,45834.38746674036,45597.254976083976,-2276.454335029494,32409.80618926381,42638.42195446361,0.2069608597435358,12678.011507756944,290.01403861688283,-348.0982204833966,-277.17691855790014,26465.003219821087,33144.256349712894,32965.252362360516,-1907.8306767637966,23436.528422267314,33528.53233067851,-1.3590232492445256,21490.702164125458,472.7861502132087,-263.93570306211757,-263.20033328774474,56638.31968455784,69036.10468726473,68504.46447562167,-2372.1687911431904,48815.89777106924,72143.35077678724,-1.4192033777200845
ppg0_SD2,-3506.6389699353044,-6326.377155197394,227.56639060150437,80.85432607294041,-2292.5679086426776,-4009.743167865937,-3986.845329812229,373.54645521316536,-2835.3165848144554,-2604.603574005729,-0.7232587268135666,-3765.6843737759054,-6932.42171088117,118.91763650692988,140.6818428259239,378.19338569764363,1770.3872900868926,1764.8110503657,343.85089596494157,1251.8528581468754,131.40051485606156,0.9129216251447066,20258.97991865455,26.90045066013082,-425.7571038982043,-349.0499517077204,46240.50613915127,60299.834606189084,59991.3109129384,-2907.563794689037,42638.42195446361,57986.987131880196,-1.5031252922802234,16322.674759747211,110.19841647622175,-446.1351556781716,-328.39357407858523,35935.23888070495,44427.84506161364,44196.596851491064,-2376.152013350997,31415.230516572206,45672.066234885926,-2.3405676658787784,27661.466312064476,322.4208041623178,-339.697640647542,-308.17227384629683,76096.31145608272,92510.39678000646,91834.10999246764,-3020.063595220575,65414.728893400876,96990.00970875775,-2.1884785764711694
ppg0_SD1_SD2,2.4540439614026397,1.3271626739943236,-0.04947239149665262,-0.08948956487678894,1.1085356819061285,1.673459920420657,1.6461229853669042,-0.18077625724717014,1.1833148577733508,1.324151864389004,-5.3000042131561255e-05,2.782032996915769,1.0920760536014134,-0.054223276156766954,-0.08739260850521677,1.284031631514984,2.3671365864705223,2.332988212698178,-0.1758961820443165,1.6738183322880884,1.4037122505694648,0.0004395253002968277,-0.07191757817075202,0.02720082573187174,0.07843076734920679,-0.013439913882437106,-0.8855835262671505,0.2926868547297041,0.28662123321847166,-0.07578659002722374,0.2069608597435358,-1.5031252922802234,0.0022322530956442733,0.2793614455915536,0.296158652380781,-0.00936137437931565,-0.03462178989344799,-1.076897166625783,-0.9792425898770344,-0.9819858369458406,-0.13373744634151585,-0.6924290757287306,-1.4637271343326068,0.0006737924850977382,0.18210769562147294,0.3227623211627716,-0.014631021863814472,-0.032054632729553834,-1.6421086566990857,-1.845971111573003,-1.847986963294938,-0.101971054307748,-1.3052986908677409,-2.1378313418911303,0.0005346409001833943
ppg1_Mean_NN,9480.964031146581,4391.42591672287,-278.847048691523,-366.85333954790696,2722.678782130864,5384.802519481783,5303.412484599944,-415.13322231783974,3807.6303768759803,2881.3359284691223,0.9750095702857493,10337.975489515218,3378.740050001752,-300.2980752992991,-421.4506365691755,1666.9001020244852,5362.107461688521,5264.779623938953,-397.28776955189977,3791.5825476109517,1172.6979227551733,1.5022281956881265,8679.858900589943,160.3879749316622,-134.1930074688936,-271.2646196745499,13175.50128723794,17929.415818192098,17834.656051579073,-1291.2052931363514,12678.011507756944,16322.674759747211,0.2793614455915536,10384.062815873955,1552.1656384802257,-358.74976653925245,-363.64685332893026,14445.75503341625,18843.163865645965,18743.912433550733,-1588.813792928151,13324.128948407571,18108.362803532913,-0.2477587412739337,13864.738081733329,1750.6991062632446,-257.1954621866811,-328.82979605379626,27398.929252245674,33597.42562857713,33329.121144352954,-1619.3852152654001,23756.967492377535,34843.83893501963,-0.27737931626561935
ppg1_Median_NN,6527.3882080576,3870.610814681042,-229.60812645266085,-216.06273742207605,3224.639570304742,5516.980849741413,5457.738522334985,-358.83912819848126,3901.09457052848,3667.068037722333,0.6407163586317274,7153.387927136743,3265.997346995282,-173.92271568087276,-236.7477980051328,3107.8086088283007,5833.017470466371,5757.837167920795,-325.70258658991446,4124.566208146383,3380.4719900828995,0.7004027772442275,892.6717989839299,127.86885128226474,5.574097445217492,-56.070908103972336,137.92982511311538,410.1417866905922,408.27503280939624,-164.35246556682668,290.01403861688283,110.19841647622175,0.296158652380781,1552.1656384802257,1559.171238134404,-81.81019615040826,-87.48830820227901,470.8651528427684,843.89687003391,838.5946807230885,-257.0385488845854,596.7251994230752,528.2341802004563,0.23594300641813687,1233.0629639262022,1009.0774895084401,-76.63061584200572,-73.5759344189967,80.87552120788003,258.91799692384814,255.99183023247056,-209.92533266037464,183.082671396086,61.31012460731624,0.1747517614840609
ppg1_Heart_Rate,-812.6707168257175,-481.26717202110757,36.06847709988637,28.448623308208326,-378.5775101662498,-602.1439673185029,-594.9302102891601,46.49341600516423,-425.78008254148546,-442.9890688727005,-0.04917470586144743,-853.2424969194444,-412.46687319201015,62.03017168833318,27.396400254330324,-413.26409574282235,-756.2158888798155,-747.3320273521118,40.269465762274905,-534.7253830679301,-454.53664942088443,-0.11145859496231282,-271.39268559590914,-9.5049577077433,149.57221491087094,11.214005262844596,-360.41346973831435,-492.2852244455597,-489.53258653684827,65.1666731273374,-348.0982204833966,-446.1351556781716,-0.00936137437931565,-358.74976653925245,-81.81019615040826,442.4071563705829,15.591218116015309,-434.4321160709789,-528.989786005512,-526.4462955038603,77.82258896384519,-374.05226486291826,-554.9855914652193,0.09020277578209782,-268.8635703628247,-97.86917200019795,167.5908459943086,12.210957418314996,-290.1801214773176,-404.7033413831694,-403.8505393136473,69.90849117758314,-286.168477060893,-356.99725486521135,0.014502843194448261
ppg1_Mean_HR,-587.0329897647482,-330.6025656639123,19.577518230717182,21.155927908586243,-219.32866074438658,-401.53568919953045,-396.28195374607964,29.71012986833932,-283.928608721403,-241.74496035659618,-0.05900304873060245,-643.5663752870745,-265.5350920158341,19.15455353394615,24.261195874606905,-175.3368337574556,-400.58285777127924,-394.2589541427491,27.924340675300673,-283.2548551571583,-170.01208197567033,-0.07889178171020629,-274.30045991899834,-8.80290742270722,4.113437351138312,12.155022826453996,-270.26475140991374,-391.987357401365,-389.9481619915775,47.43105094310405,-277.17691855790014,-328.39357407858523,-0.03462178989344799,-363.64685332893026,-87.48830820227901,15.591218116015309,16.673593471732673,-328.61620700033154,-445.47568616191165,-443.0844377584009,61.85716321834996,-314.99887853881836,-407.6067038202981,-0.004565764011291772,-394.90453046829373,-92.34412458325389,10.378411768350533,15.295701184459972,-481.7002095455666,-616.7038501873774,-612.1857237780295,58.37981803648092,-436.07547445134645,-605.9901531642969,-0.012515916069572948
