,red_Mean_NN,red_Median_NN,red_Heart_Rate,red_Mean_HR,red_SDNN,red_SDSD,red_RMSSD,red_NN_Count,red_SD1,red_SD2,red_SD1_SD2,infrared_Mean_NN,infrared_Median_NN,infrared_Heart_Rate,infrared_Mean_HR,infrared_SDNN,infrared_SDSD,infrared_RMSSD,infrared_NN_Count,infrared_SD1,infrared_SD2,infrared_SD1_SD2,ppg0_Mean_NN,ppg0_Median_NN,ppg0_Heart_Rate,ppg0_Mean_HR,ppg0_SDNN,ppg0_SDSD,ppg0_RMSSD,ppg0_NN_Count,ppg0_SD1,ppg0_SD2,ppg0_SD1_SD2,ppg1_Mean_NN,ppg1_Median_NN,ppg1_Heart_Rate,ppg1_Mean_HR,ppg1_SDNN,ppg1_SDSD,ppg1_RMSSD,ppg1_NN_Count,ppg1_SD1,ppg1_SD2,ppg1_SD1_SD2,ppg2_Mean_NN,ppg2_Median_NN,ppg2_Heart_Rate,ppg2_Mean_HR,ppg2_SDNN,ppg2_SDSD,ppg2_RMSSD,ppg2_NN_Count,ppg2_SD1,ppg2_SD2,ppg2_SD1_SD2
red_Mean_NN,19093.828439668396,18011.275505836336,-303.5365819939424,-316.76024701759826,20350.258419293117,27841.584595973654,27654.32136979226,-1737.2094861138712,19686.9732667919,25166.609351539526,-0.046045422587915996,12515.725210350365,8576.982316084774,56.79766901054211,86.58534537030731,21211.599639484844,30493.94498968112,30307.265061375398,-1044.4314983956315,21562.475287333058,25825.555954312204,0.7641342251101554,-3507.315098337857,-25.674183529579143,223.02113308667532,157.08515067088942,-2960.67646093495,-3892.669675207859,-3870.827497478109,560.3581860519844,-2752.5331242587113,-3705.5534199643266,0.20190353391084162,-5076.5162374317015,-851.8649847010887,268.50162230948985,234.98864971145588,-4284.7357780359125,-5478.0921397400925,-5447.8615056417075,801.4109949045181,-3873.5960999749436,-5400.235023635433,0.3150035971603867,-4463.833226742143,-276.2532864373323,273.3876993514622,163.50231317441092,-5990.803628104798,-7176.842781595353,-7126.427510943219,613.4190833843221,-5074.794198375801,-7669.47752856875,0.5443749973387665
red_Median_NN,18011.275505836336,27421.968453407946,-612.3351226469374,-538.5619447574744,11576.204903231088,16610.005957113823,16482.567010388917,-1727.6180163258184,11745.047847824131,14095.473045625127,0.7728020221044416,13202.324183199433,16705.547793172704,-282.25065240724473,-219.57381836297836,13094.231703777614,18372.975683795386,18242.726847886453,-1134.8812838724834,12991.655696587268,16066.312458180135,0.16566213575824557,-3603.4614378162455,-54.01189049416401,220.98310410446263,139.71983484136047,-4255.778421987499,-5934.5246340123595,-5905.2830847384475,579.9936505097583,-4196.342611828757,-5232.53709712707,-0.2027330002234904,-6648.629356852927,-1250.4343076871342,433.4740876247414,297.70984917348983,-6108.692830921721,-8023.633889172252,-7981.411893175932,1100.023491236849,-5673.565932791887,-7642.4086183354775,0.1485052721697679,-4386.21403363635,-325.5679705997241,254.2092611279429,130.63947805386138,-7670.772911598695,-9389.787413108435,-9328.174545649163,571.0946195081656,-6639.582353709064,-9763.461538133,0.062093948236986225
red_Heart_Rate,-303.5365819939424,-612.3351226469374,1635.9564165241075,29.746873981168687,209.06480809090684,238.4428720435825,238.1599951257142,30.897163703638924,168.6045717476134,272.37161277884326,-0.037050592708619115,-102.02660713122116,-380.31335064909615,148.3726245664753,15.520288946278054,336.25960618911955,409.02136413672474,407.5881173304518,8.632378304212079,289.2217802312499,432.39468856049575,-0.0915358252047737,19.574631667138895,-9.724952324923752,18.588098735860697,2.172028649860078,210.5956732902679,260.4157299845336,259.22736048408575,-0.04030968642473142,184.1417285997087,268.4658826634044,-0.017517627907411244,32.153038025077784,-22.878537080606257,23.26866461037868,-0.8288871124249645,81.5506934494081,61.71491848345003,61.12642516383659,-7.760836086667814,43.63903736002239,113.57777765003021,-0.02124383363663206,56.835776424380306,-0.6738399898962404,-6.689769198993556,3.8629854239950436,541.7663044962453,592.2686560426334,589.937309976502,0.602915321937994,418.7971829719891,705.976011564168,0.020533669931329962
red_Mean_HR,-316.76024701759826,-538.5619447574744,29.746873981168687,25.69644405278912,114.23894994647056,130.1225273974954,130.58367796054478,30.2878154526768,92.01052150790137,148.35892151345487,-0.023392544505637068,-91.14936442646597,-355.2988339920284,15.868383188627048,15.458270915869397,251.89704115744462,330.9584686830634,329.592348164855,8.982068163122568,234.0229774969099,315.5829243585935,-0.023674179968137903,-21.995881891158838,0.17271256354276246,-4.066689199244591,0.34908321333525927,-33.90579370866021,-31.537050538938335,-31.25956591062148,3.833218420328824,-22.30006229470611,-45.80155195645314,0.009093048722426592,48.496703532134795,17.294123456640854,-1.307626541436101,-3.3199139298719254,-11.0069717139109,6.164700914326068,6.126108984742224,-8.729993302527769,4.359101820506828,-19.170244404715927,0.018148292156605444,-30.32237324736776,2.797606555568748,2.241806817130191,1.1164007814578834,-39.03629045865311,-27.96803895260541,-27.58343889589106,5.149637385353143,-19.776389999876777,-54.693745415368966,0.021097421970986418
red_SDNN,20350.258419293117,11576.204903231088,209.06480809090684,114.23894994647056,33932.4421167529,45820.24897663833,45547.17760319027,-1801.637305516177,32399.80876703692,42127.60133934546,-0.6477891622315123,14266.78746382023,1653.6037150491577,552.8723647516352,508.22096789488097,34909.24706655263,49877.631473601985,49590.959374783,-1154.0354778115807,35268.81144450753,42596.1450140371,0.906727511711389,-4996.384986973568,6.431596244070037,189.737601462722,213.5829573676623,-4348.292538112954,-5390.029669877166,-5357.188993942598,801.2522162000529,-3811.32653036683,-5529.143895563424,0.5825319615829624,-5251.838576418544,-716.6525367549715,242.2836706260407,222.33828321143199,-5473.869299887863,-6548.688784121551,-6512.334540564944,789.4989544625386,-4630.622247132635,-7017.550945824165,0.8565251726906743,-6597.954719926243,-333.71778708436244,427.9658654195933,248.36547223522635,-8447.653591139391,-9588.403300402222,-9514.429512327592,916.2999112292517,-6780.024994465883,-10951.32503345037,1.3980644630839485
red_SDSD,27841.584595973654,16610.005957113823,238.4428720435825,130.1225273974954,45820.24897663833,64532.291747614545,64150.36978502927,-2466.6240256756023,45631.22110024692,56154.27493272856,1.498643819234783,18963.495637679745,2701.463072948896,647.3292443443967,701.913644933542,46788.80598141032,66641.56402331345,66258.98893228864,-1538.9909420640543,47122.70182976241,57152.83680523407,1.0272349028914627,-7042.207122040027,30.28958401791509,266.44036236581604,293.67640726817126,-6596.625197947437,-8380.464379316269,-8331.02728495074,1163.541789166075,-5925.883192106845,-8333.245553416722,0.660684849301019,-7389.953884638556,-1027.4737964158685,355.98538381241235,311.8135596089387,-7602.846805948866,-9320.593788406815,-9268.652999270347,1147.0928972066329,-6590.655072467667,-9686.373120858087,0.8540866682136748,-8890.222022187121,-440.6062040466447,664.3755688593526,334.4184685408526,-11520.387665849497,-13131.856878360102,-13030.411962618273,1268.3618604714381,-9285.625048259635,-14916.839259584067,1.8408840049618964
red_RMSSD,27654.32136979226,16482.567010388917,238.1599951257142,130.58367796054478,45547.17760319027,64150.36978502927,63770.817830051514,-2450.1705379934915,45361.16149061879,55818.85305087498,1.492638856301816,18842.935460860484,2669.6479779117626,644.5305867112648,698.3645465830476,46511.985386566426,66246.3633768083,65866.08418052518,-1529.1415682341421,46843.25277268931,56814.953409576076,1.0204653354229507,-7001.2273217988795,30.292969918261885,264.49733354332994,291.9300985077587,-6558.8021045195455,-8331.958084907557,-8282.799931893838,1156.7536788104044,-5891.584062400213,-8285.585087435229,0.656974091672022,-7343.89914990079,-1020.8202349485227,353.7475610346549,309.804038909692,-7558.238772238318,-9266.01623328999,-9214.380782563187,1139.8682117324415,-6552.062913143982,-9629.506945268231,0.8483675345669972,-8838.610942465539,-438.0419289179544,660.4279456948343,332.4676053935759,-11453.714683413986,-13055.53990026191,-12954.667969761149,1260.9541839220617,-9231.660795526735,-14830.567570542991,1.8298881441986696
red_NN_Count,-1737.2094861138712,-1727.6180163258184,30.897163703638924,30.2878154526768,-1801.637305516177,-2466.6240256756023,-2450.1705379934915,162.60204572539905,-1744.1665751928788,-2227.5064608528983,-0.0004458361863091952,-1188.6576108404497,-893.5959110635694,1.0704961629258414,-5.1730561231302445,-1904.887741127833,-2742.4635989833178,-2725.5340421792393,99.96713240186293,-1939.2146079983686,-2317.8882929863053,-0.07349584902177884,324.6108350424005,1.9804455405202297,-20.601772006336056,-14.792842436534867,256.74693498290355,339.9626234862978,337.9981650100302,-51.51655370577525,240.38987641713047,320.70493740251294,-0.015793445947421797,492.5146436619838,86.35977430380545,-27.182843223004827,-23.067282092126757,397.45866499811376,517.1083951046197,514.2321280290857,-77.80317606545148,365.6508527869693,498.5463071147578,-0.017412417009352598,414.4836488296171,27.57202062063106,-22.55561065805669,-15.375853791760525,535.1103671533828,645.636436502434,640.9305359803493,-56.13365357197691,456.53390243198896,683.8419652418489,-0.038217731754197896
red_SD1,19686.9732667919,11745.047847824131,168.6045717476134,92.01052150790137,32399.80876703692,45631.22110024692,45361.16149061879,-1744.1665751928788,32266.14587380726,39707.0685975461,1.0597012071642216,13409.216360404856,1910.2228580072149,457.7308983362864,496.32789813987404,33084.68199307691,47122.701829762416,46852.18038858569,-1088.2309313181654,33320.78201165673,40413.15846902913,0.7263647657060581,-4979.592410514701,21.417970258387427,188.4017870106695,207.6605790538262,-4664.5184104146865,-5925.883192106847,-5890.925887438821,822.7482893132601,-4190.232189658134,-5892.494440113606,0.46717473716796243,-5225.486504483792,-726.5336889371473,251.71967889705255,220.48548246539627,-5376.024532808927,-6590.655072467668,-6553.9273882490925,811.1171662657338,-4660.296894203406,-6849.300118861856,0.6039304748149142,-6286.336278142493,-311.555634714246,469.78446999511834,236.469566859257,-8146.144240420039,-9285.625048259639,-9213.892660421689,896.8672725377401,-6565.9284391800475,-10547.79819432161,1.3017015632864064
red_SD2,25166.609351539526,14095.473045625127,272.37161277884326,148.35892151345487,42127.60133934546,56154.27493272856,55818.85305087498,-2227.5064608528983,39707.0685975461,52504.337471213454,-1.4625305106296,17793.0871230414,1917.4390553793617,713.045939866227,627.2057175590211,43449.54345456826,62141.207953738565,61783.97632797129,-1437.8377969209917,43940.469535211945,52999.0529674974,1.1835433465469187,-6123.46020832417,2.1448328970212356,233.6266754136727,263.76292392098475,-5207.332203671329,-6400.845084968055,-6361.437437836891,973.100938008226,-4526.080964905494,-6636.0269230503545,0.757618171308498,-6440.535443847666,-872.7905123281745,293.42594656031446,272.90310013555063,-6746.273162923563,-8012.743711775473,-7968.348582122984,958.8110339956354,-5665.865414506306,-8664.447485855808,1.1450258692436726,-8201.774396717865,-417.3716522806952,508.66897865414063,308.85880267341855,-10463.691826322616,-11862.849786143743,-11771.42758131749,1130.4194369309066,-8388.301527979625,-13569.439360064578,1.749440792164699
red_SD1_SD2,-0.046045422587915996,0.7728020221044416,-0.037050592708619115,-0.023392544505637068,-0.6477891622315123,1.498643819234783,1.492638856301816,-0.0004458361863091952,1.0597012071642216,-1.4625305106296,0.0023002906091917855,-0.4762167142497535,0.5248023912997742,-0.10566452350555404,-0.005918492048694354,-1.2020359504683316,-1.9120872273918574,-1.9012793631913487,0.03303845031212154,-1.3520498447089662,-1.410801219421626,-0.00021810034473251778,-0.19033465737036845,0.02189743117432285,0.008601345208200667,0.0031881761893561233,-0.43247162845545306,-0.7396573850571883,-0.7360362737330516,0.05455991550693697,-0.523016752728647,-0.49511022057716614,-0.00019574807460310124,-0.19527740364625656,-0.07180233803083694,0.02081070094159892,0.010443757484362033,0.13145364813729166,0.014818675829589298,0.015799208207992552,0.055231263130486846,0.010478386167307773,0.20700438305384303,-0.0002845230380098632,0.19069796315181428,0.01190607102685095,0.05893092054332837,-0.004097435534649938,0.3396866306634858,0.36497981233881593,0.36384232108219766,-0.0017430928767917227,0.2580797003009706,0.449797231798737,-0.00012289498144977003
infrared_Mean_NN,12515.725210350365,13202.324183199433,-102.02660713122116,-91.14936442646597,14266.78746382023,18963.495637679745,18842.935460860484,-1188.6576108404497,13409.216360404856,17793.0871230414,-0.4762167142497535,19730.644713382455,14252.108933580412,-219.91467632806595,-155.9579553417553,26695.595796742375,37365.705676703365,37118.42458906184,-1613.2160029916515,26421.543867817625,32778.2953348149,0.11546363998675149,-3232.3792362059294,-55.98238227494752,248.37041470380285,161.80324856192107,-2096.064420718628,-2486.4404285100463,-2470.946873703603,536.9063433112084,-1758.1788880158379,-2691.998770729648,0.3761533867180207,-5680.1795761590965,-855.5586951633682,377.7928172047998,275.153854381769,-4128.323931387376,-5045.963456002848,-5017.067506858424,931.3021033541793,-3568.034977359121,-5264.988234844365,0.6404678158676204,-4352.021824831601,-229.81234270081939,332.96052105245434,193.5241179805125,-3928.759050317307,-5020.178455227917,-4989.506939888882,680.2697030403536,-3549.802228458266,-4950.422934451941,-0.09596227153933301
infrared_Median_NN,8576.982316084774,16705.547793172704,-380.31335064909615,-355.2988339920284,1653.6037150491577,2701.463072948896,2669.6479779117626,-893.5959110635694,1910.2228580072149,1917.4390553793617,0.5248023912997742,14252.108933580412,27685.465864093785,-1024.819899384949,-662.5271220439396,1337.915534079739,1455.0747269671758,1401.3943733575065,-1250.7783704380952,1028.8932065716538,1750.5899806550713,-0.23236121617656308,-3011.408643264613,-97.68120484392489,240.47213575552783,126.57111920334998,-3360.348661722187,-4709.135138868558,-4685.200264450706,482.09602569180726,-3329.8613902178126,-4125.904602152596,-0.4823638335136922,-7412.456101613274,-1220.0300708540576,457.3458592009819,336.0933275095097,-6826.7072963659275,-8855.05235861741,-8810.473812880964,1265.8327939705985,-6261.467570540303,-8572.321483766658,0.21791606174817524,-3333.4555058634614,-206.17873743272713,233.10404982944183,94.18542957665026,-6426.806909067588,-8789.779863780916,-8750.7910851671,473.28711067163215,-6215.312946816451,-7937.76202182148,-1.1663099349341581
infrared_Heart_Rate,56.79766901054211,-282.25065240724473,148.3726245664753,15.868383188627048,552.8723647516352,647.3292443443967,644.5305867112648,1.0704961629258414,457.7308983362864,713.045939866227,-0.10566452350555404,-219.91467632806595,-1024.819899384949,1861.2648727422957,42.841436451375465,823.6754795980245,1136.672490067354,1131.6132449541951,23.9951312327259,803.7488257148245,1018.1265251907381,-0.015717740666673932,50.69236351827912,31.823395965458,-12.946612149839014,-2.7948674571281034,1.301537224430186,101.45709368050416,100.55291421658046,-21.780469855563144,71.74099894096322,-25.80320585827094,0.13248158996047943,194.14717987085663,72.78945537691753,1.2946492701950667,-9.245447620626388,140.73347935202167,269.3458573064269,267.745196002551,-45.32977617720081,190.45628218587868,153.42722376465176,0.09417522344568134,138.28480932183552,42.635743607316726,3.9849232168468918,-4.0177843203416455,-9.415264037597044,81.32884561243323,77.69856635906137,-21.60477553854244,57.50817823862533,-34.30655150646434,0.08474692304218795
infrared_Mean_HR,86.58534537030731,-219.57381836297836,15.520288946278054,15.458270915869397,508.22096789488097,701.913644933542,698.3645465830476,-5.1730561231302445,496.32789813987404,627.2057175590211,-0.005918492048694354,-155.9579553417553,-662.5271220439396,42.841436451375465,39.6395324067981,788.4268248492644,1125.2630206289157,1120.5055987686558,14.513660721594663,795.6811125051639,962.5541865230844,0.01866527476219128,-54.45557150301953,0.8968332316224,-5.911778053500352,2.440964021830417,-14.559785644449256,4.328644594701622,4.5797752561080065,8.870859372318018,3.060813946260025,-24.40423865685128,0.03355192040187297,46.927592221309894,12.85108791220058,-6.4428519775969235,-2.801239099863304,14.976092374789651,19.85109585780197,19.832000404786537,-10.227742948463149,14.036844495035993,18.827132444990287,-0.004476347742240689,-84.26097795081854,-2.8992504950220295,4.122772081920125,3.6722645977506496,-74.56008099172475,-52.230674563449625,-51.12027389981316,11.648183786689758,-36.93266416976299,-104.83770222681021,0.04785263821331456
infrared_SDNN,21211.599639484844,13094.231703777614,336.25960618911955,251.89704115744462,34909.24706655263,46788.80598141032,46511.985386566426,-1904.887741127833,33084.68199307691,43449.54345456826,-1.2020359504683316,26695.595796742375,1337.915534079739,823.6754795980245,788.4268248492644,66833.78467969187,94223.91117059322,93680.48451189992,-2119.50950883301,66626.36653864538,81895.26962788991,0.6855786345737754,-5370.558618658476,-21.921037553560648,212.59024719078002,277.43033357582163,-2213.7686836772673,-2026.3610394831273,-2005.0312834574759,908.963048472296,-1432.8536321507427,-3002.0296793089487,1.2680360940820137,-6105.75240113357,-796.286412865731,327.3535594554483,299.6129355588462,-4101.1357508903775,-4785.625012097892,-4753.663964910551,952.5987750008015,-3383.9478982703736,-5286.3612361890155,0.9199967232808981,-7627.945630069414,-360.4786413357084,591.1466430497263,375.3418911690425,-4723.581415946152,-4861.384803175166,-4811.035900810059,1224.8760314121512,-3437.5181602823877,-6253.579638820149,1.3081892429725648
infrared_SDSD,30493.94498968112,18372.975683795386,409.02136413672474,330.9584686830634,49877.631473601985,66641.56402331345,66246.3633768083,-2742.4635989833178,47122.701829762416,62141.207953738565,-1.9120872273918574,37365.705676703365,1455.0747269671758,1136.672490067354,1125.2630206289157,94223.91117059322,136464.71296740204,135681.30263375386,-2967.906706550201,96495.12393192579,114435.77556548576,3.910809772873669,-7071.429763860875,-8.86248203666977,378.0631391829834,379.1415235200986,-1824.4854211744607,-929.7600003492098,-907.048562377926,1175.7219823444964,-657.4396011229321,-2668.657646791757,2.027732381332681,-8037.835201810557,-1076.3655774534461,447.8216883036975,401.0128634850073,-5007.726048976227,-5767.04655684376,-5726.565946090763,1226.6087145446381,-4077.9177277627527,-6473.664258841432,1.2368201341200287,-10535.37550174885,-506.6770024000627,840.36503580241,525.1079325464393,-6141.198898253192,-6317.1048506574,-6249.366360570799,1673.3543921460239,-4466.867677366281,-8132.424361528551,1.735323101890924
infrared_RMSSD,30307.265061375398,18242.726847886453,407.5881173304518,329.592348164855,49590.959374783,66258.98893228864,65866.08418052518,-2725.5340421792393,46852.18038858569,61783.97632797129,-1.9012793631913487,37118.42458906184,1401.3943733575065,1131.6132449541951,1120.5055987686558,93680.48451189992,135681.30263375386,134902.55911496707,-2948.2743743634487,95941.16917255154,113774.76403444425,3.8919312135635424,-7027.371993303511,-8.532502859557388,375.4245020618658,376.82857129207196,-1808.6875995269816,-916.2511714438999,-893.7029078230096,1168.4802542311231,-647.8874165981011,-2646.9954217013046,2.017701140539911,-7980.91725382602,-1068.352616934964,444.3686334861918,398.21250518050834,-4970.033379678487,-5723.631314151477,-5683.438076801252,1217.747651942448,-4047.218515248179,-6424.918301540266,1.2276915654429446,-10470.423455701299,-503.62348850742063,835.0875164683789,521.9880442363593,-6096.275985301149,-6267.59127176968,-6200.299740698156,1663.1735225664575,-4431.856289973961,-8073.790158276047,1.726819945160547
infrared_NN_Count,-1044.4314983956315,-1134.8812838724834,8.632378304212079,8.982068163122568,-1154.0354778115807,-1538.9909420640543,-1529.1415682341421,99.96713240186293,-1088.2309313181654,-1437.8377969209917,0.03303845031212154,-1613.2160029916515,-1250.7783704380952,23.9951312327259,14.513660721594663,-2119.50950883301,-2967.906706550201,-2948.2743743634487,134.76391977948865,-2098.6269581306797,-2602.076904650297,-0.010045649520444405,266.12395298846883,4.691828994506026,-20.120220403114686,-13.544512276923449,163.35983968989703,193.6502671211326,192.43840770335478,-44.43723980610209,136.93141705993915,209.86826112315052,-0.030435873407835292,487.2300667693878,74.6149401110919,-31.678624735396394,-23.72054697489178,350.55144084524426,435.2367301174181,432.771343526771,-79.95956658112345,307.7588432874855,445.316957619892,-0.047427941608883334,356.00402708297065,18.697413631707818,-26.685788375466124,-16.04117221994786,302.3713004783323,395.00972759107833,392.58623291283635,-55.8693470202452,279.3140570143023,378.85642301980675,0.014446860940198538
infrared_SD1,21562.475287333058,12991.655696587268,289.2217802312499,234.0229774969099,35268.81144450753,47122.70182976241,46843.25277268931,-1939.2146079983686,33320.78201165673,43940.469535211945,-1.3520498447089662,26421.543867817625,1028.8932065716538,803.7488257148245,795.6811125051639,66626.36653864538,96495.12393192579,95941.16917255154,-2098.6269581306797,68232.35648370102,80918.31291269683,2.765360110329593,-5000.25593871041,-6.2667211462731665,267.33100943296097,268.09354231046063,-1290.1060134884574,-657.4396011229347,-641.3801893229366,831.360986505884,-464.8800001746045,-1887.0259187117838,1.4338233172718842,-5683.60777726019,-761.1053988531058,316.657752561953,283.558915113284,-3540.9970475556074,-4077.917727762752,-4049.2936133927315,867.343339917028,-2883.523278421879,-4577.57189655176,0.8745639039443279,-7449.635459633236,-358.2747442683568,594.2278154879597,371.3073799584354,-4342.483385570188,-4466.867677366277,-4418.969331678705,1183.2402380147469,-3158.552425328697,-5750.492413523518,1.2270587328967462
infrared_SD2,25825.555954312204,16066.312458180135,432.39468856049575,315.5829243585935,42596.1450140371,57152.83680523407,56814.953409576076,-2317.8882929863053,40413.15846902913,52999.0529674974,-1.410801219421626,32778.2953348149,1750.5899806550713,1018.1265251907381,962.5541865230844,81895.26962788991,114435.77556548576,113774.76403444425,-2602.076904650297,80918.31291269683,100639.78394442168,0.008760712703107366,-6713.553144362776,-32.987044322508616,238.2188357104698,342.96989250187943,-3068.8269258335813,-3012.6014749709047,-2984.4642777961653,1142.1315012016328,-2130.230931964523,-4108.062449698822,1.4891551582016167,-7631.074960235538,-987.3920961060762,403.8922692671083,372.67311051417585,-5232.608509821892,-6125.675124249646,-6085.302088877762,1198.0456759357096,-4331.506419702668,-6740.01477989995,1.1453523070883955,-9398.190669427004,-442.0295687969915,722.3133566697868,460.7700508019031,-5916.065736588959,-6083.218384550083,-6020.78327972167,1514.519289649946,-4301.48497115404,-7833.399578150375,1.6377506054685524
infrared_SD1_SD2,0.7641342251101554,0.16566213575824557,-0.0915358252047737,-0.023674179968137903,0.906727511711389,1.0272349028914627,1.0204653354229507,-0.07349584902177884,0.7263647657060581,1.1835433465469187,-0.00021810034473251778,0.11546363998675149,-0.23236121617656308,-0.015717740666673932,0.01866527476219128,0.6855786345737754,3.910809772873669,3.8919312135635424,-0.010045649520444405,2.765360110329593,0.008760712703107366,0.0025943525070524125,0.3117024974316342,0.0211688531705956,0.07439228197052034,-0.0037973473317855174,1.0470450092352013,1.5629332489447503,1.557137460979471,-0.06418473547474773,1.1051606988707556,1.261231808901373,0.0002013114895244216,0.3607299681413342,0.0344093439835245,0.019399610256127357,-0.012111135276630706,0.5303257370747204,0.6475784078027648,0.6444933928683874,-0.07229121501946639,0.4579070835073227,0.6773631659354676,-5.9895253772090745e-05,0.002086997840956867,-0.009548234387802477,0.025135973159497196,0.00562628798504592,0.3495344891154732,0.3610379540907131,0.3590639871645636,-0.010591473981078197,0.25529238560326045,0.4609721440699198,-5.4694473967452995e-05
ppg0_Mean_NN,-3507.315098337857,-3603.4614378162455,19.574631667138895,-21.995881891158838,-4996.384986973568,-7042.207122040027,-7001.2273217988795,324.6108350424005,-4979.592410514701,-6123.46020832417,-0.19033465737036845,-3232.3792362059294,-3011.408643264613,50.69236351827912,-54.45557150301953,-5370.558618658476,-7071.429763860875,-7027.371993303511,266.12395298846883,-5000.25593871041,-6713.553144362776,0.3117024974316342,10041.621868423825,89.85951647951315,-229.1390288832509,-259.52889310818705,17263.59161338223,22775.488425067266,22651.67824521436,-1425.8421380483235,16104.702310200782,21573.408081279154,-0.019611819310652527,8876.68059099936,850.7907427985007,-246.6090454998022,-252.34940910972742,14420.882257793808,17954.07783146709,17853.72145702017,-1260.1369554078717,12695.450184581443,18292.561477731317,-0.4120147974329935,13509.649021226802,372.9351432305901,-245.15623632965068,-205.80468919672808,33735.80121235286,40603.54434701885,40289.260253670305,-1400.5591239209948,28711.041547985737,43085.018556295654,-0.29284224871247927
ppg0_Median_NN,-25.674183529579143,-54.01189049416401,-9.724952324923752,0.17271256354276246,6.431596244070037,30.28958401791509,30.292969918261885,1.9804455405202297,21.417970258387427,2.1448328970212356,0.02189743117432285,-55.98238227494752,-97.68120484392489,31.823395965458,0.8968332316224,-21.921037553560648,-8.86248203666977,-8.532502859557388,4.691828994506026,-6.2667211462731665,-32.987044322508616,0.0211688531705956,89.85951647951315,58.82146666115214,-12.329538519560394,-5.019990280841669,33.029882125232724,74.84979761726437,74.44479940400781,-14.679038956706364,52.92679946560832,32.83597532665552,0.03708078413654926,60.33832357685937,40.19964650811022,-12.380377828567966,-3.917650849804219,-12.748534559776555,-1.3547632281396218,-1.4434751493042068,-10.200692121725817,-0.9579622655197373,-20.110923833155187,0.018126460466269007,26.562767838338196,12.53289950643013,-7.540304941855005,-2.3367198477056883,-51.26064775142124,-69.26339013632311,-68.91511480390571,-6.36149971297841,-48.97661285336347,-63.58058235315397,-0.012969555004344656
ppg0_Heart_Rate,223.02113308667532,220.98310410446263,18.588098735860697,-4.066689199244591,189.737601462722,266.44036236581604,264.49733354332994,-20.601772006336056,188.4017870106695,233.6266754136727,0.008601345208200667,248.37041470380285,240.47213575552783,-12.946612149839014,-5.911778053500352,212.59024719078002,378.0631391829834,375.4245020618658,-20.120220403114686,267.33100943296097,238.2188357104698,0.07439228197052034,-229.1390288832509,-12.329538519560394,484.7255525161674,9.125462130265758,-279.0627064087245,-320.1521004897641,-318.5239077177092,44.20212367227698,-226.3817212674292,-361.83203550403294,0.056804615253098545,-157.5955854310217,4.474451321082743,183.10442208487095,6.8785818299136,-160.3143763814089,-188.4427667375802,-187.29316644721692,33.926200288074746,-133.24915822569773,-206.162205138929,0.01812829502685407,-186.8101786957541,11.696298689420253,186.87929237022482,6.820850842173631,-322.80747787215955,-373.78672521340104,-371.93898022763153,37.69553526204425,-264.30712811590837,-414.9787494496134,-0.0017501676841972444
ppg0_Mean_HR,157.08515067088942,139.71983484136047,2.172028649860078,0.34908321333525927,213.5829573676623,293.67640726817126,291.9300985077587,-14.792842436534867,207.6605790538262,263.76292392098475,0.0031881761893561233,161.80324856192107,126.57111920334998,-2.7948674571281034,2.440964021830417,277.43033357582163,379.1415235200986,376.82857129207196,-13.544512276923449,268.09354231046063,342.96989250187943,-0.0037973473317855174,-259.52889310818705,-5.019990280841669,9.125462130265758,10.885476377743636,-256.1016171173646,-343.74885882637193,-341.79452078893803,42.88868982977188,-243.06714910126485,-318.54145730348665,-0.0031516066157176296,-262.1335740951418,-38.77462673507061,9.753136584346219,11.079704622446176,-247.64457432989175,-326.07972163268107,-324.1920981857243,42.16094800503218,-230.57318237389052,-309.57935964789544,-0.008976201284216643,-291.8700689689083,-14.573243971727528,8.785967096649573,8.960955828470295,-479.4610360792605,-587.4379963122053,-583.0144003111534,38.44064539003176,-415.3813907189986,-609.64299676602,-0.008608580213553367
ppg0_SDNN,-2960.67646093495,-4255.778421987499,210.5956732902679,-33.90579370866021,-4348.292538112954,-6596.625197947437,-6558.8021045195455,256.74693498290355,-4664.5184104146865,-5207.332203671329,-0.43247162845545306,-2096.064420718628,-3360.348661722187,1.301537224430186,-14.559785644449256,-2213.7686836772673,-1824.4854211744607,-1808.6875995269816,163.35983968989703,-1290.1060134884574,-3068.8269258335813,1.0470450092352013,17263.59161338223,33.029882125232724,-279.0627064087245,-256.1016171173646,40579.79761020132,53340.20300981235,53067.311969177375,-2300.0518814470884,37717.21925810542,50764.72146917596,0.010618283736609039,13440.26451634731,625.3259904609594,-341.9381173390189,-225.99364339222734,30936.403038856773,38013.978222627695,37814.476389865806,-1790.6794985678678,26879.941781097776,39372.085856909805,-1.4716979605776168,23929.68134313026,402.5129770335378,-264.2212142390922,-185.02454179079427,70638.11265248558,85834.59658075511,85191.28421190754,-2324.198483758388,60694.22530266353,90030.56821887747,-1.0737390056793124
ppg0_SDSD,-3892.669675207859,-5934.5246340123595,260.4157299845336,-31.537050538938335,-5390.029669877166,-8380.464379316269,-8331.958084907557,339.9626234862978,-5925.883192106847,-6400.845084968055,-0.7396573850571883,-2486.4404285100463,-4709.135138868558,101.45709368050416,4.328644594701622,-2026.3610394831273,-929.7600003492098,-916.2511714438999,193.6502671211326,-657.4396011229347,-3012.6014749709047,1.5629332489447503,22775.488425067266,74.84979761726437,-320.1521004897641,-343.74885882637193,53340.20300981235,71689.70368238083,71326.18130388494,-3054.0030803983764,50692.27561506568,66313.9410796604,1.6588079283634525,18067.742788146123,990.0847963199833,-452.94135132999975,-317.6381909042392,40443.84895170183,50137.32477780709,49871.31569429032,-2415.6934255366336,35452.442340939706,51363.40747829619,-1.6405600005887886,32270.295035484924,628.1167600543714,-285.74507203208117,-257.8233157030613,93096.41830528004,113294.5860775294,112411.9619083318,-3077.8342381261973,80111.37008714402,118611.53684943485,-1.289663495071152
ppg0_RMSSD,-3870.827497478109,-5905.2830847384475,259.22736048408575,-31.25956591062148,-5357.188993942598,-8331.02728495074,-8282.799931893838,337.9981650100302,-5890.925887438821,-6361.437437836891,-0.7360362737330516,-2470.946873703603,-4685.200264450706,100.55291421658046,4.5797752561080065,-2005.0312834574759,-907.048562377926,-893.7029078230096,192.43840770335478,-641.3801893229366,-2984.4642777961653,1.557137460979471,22651.67824521436,74.44479940400781,-318.5239077177092,-341.79452078893803,53067.311969177375,71326.18130388494,70964.64075859312,-3038.060426421777,50435.22647611818,65973.85900524954,1.653811454822823,17965.850137935846,984.363220597447,-450.69197176207064,-315.7780458053112,40227.88499868154,49872.41604530561,49607.898957947466,-2402.4255121883616,35265.12357979238,51088.453680127845,-1.6313036936547325,32083.103100615856,624.9104595393859,-283.8874254930327,-256.35495921237623,92561.2075018195,112646.7573836082,111769.4725362943,-3060.9082958649046,79653.28602462515,117928.81252389625,-1.282744972764721
ppg0_NN_Count,560.3581860519844,579.9936505097583,-0.04030968642473142,3.833218420328824,801.2522162000529,1163.541789166075,1156.7536788104044,-51.51655370577525,822.7482893132601,973.100938008226,0.05455991550693697,536.9063433112084,482.09602569180726,-21.780469855563144,8.870859372318018,908.963048472296,1175.7219823444964,1168.4802542311231,-44.43723980610209,831.360986505884,1142.1315012016328,-0.06418473547474773,-1425.8421380483235,-14.679038956706364,44.20212367227698,42.88868982977188,-2300.0518814470884,-3054.0030803983764,-3038.060426421777,240.73823122984794,-2159.5062879142974,-2869.336437004817,-0.018769288021382998,-1271.5317005425484,-139.38286935116142,57.56339221244543,41.84493656636303,-1878.131752024885,-2392.034745366886,-2379.136734313771,212.9788905705073,-1691.423989282762,-2368.8687522107116,0.016907185685281004,-1684.789009437404,-58.34924167706778,50.47724921181876,34.53977681576776,-3769.257316598463,-4649.5881688398795,-4615.85665152276,220.07207343554646,-3287.755323911423,-4786.319942906006,-0.009224189020716967
ppg0_SD1,-2752.5331242587113,-4196.342611828757,184.1417285997087,-22.30006229470611,-3811.32653036683,-5925.883192106845,-5891.584062400213,240.38987641713047,-4190.232189658134,-4526.080964905494,-0.523016752728647,-1758.1788880158379,-3329.8613902178126,71.74099894096322,3.060813946260025,-1432.8536321507427,-657.4396011229321,-647.8874165981011,136.93141705993915,-464.8800001746045,-2130.230931964523,1.1051606988707556,16104.702310200782,52.92679946560832,-226.3817212674292,-243.06714910126485,37717.21925810542,50692.27561506568,50435.22647611818,-2159.5062879142974,35844.851841190415,46891.03742463304,1.172954334831806,12775.823446232465,700.0956734275628,-320.2779010052412,-224.60411875221456,28598.119851032807,35452.44234093971,35264.345514127795,-1708.1532024647133,25068.66238890354,36319.41373275108,-1.1600511013597392,22818.54445048196,444.1456204113699,-202.05227812452316,-182.3086148816346,65829.10868784295,80111.37008714402,79487.26055186527,-2176.3574611471663,56647.2930387647,83871.02203319343,-0.911929802813555
ppg0_SD2,-3705.5534199643266,-5232.53709712707,268.4658826634044,-45.80155195645314,-5529.143895563424,-8333.245553416722,-8285.585087435229,320.70493740251294,-5892.494440113606,-6636.0269230503545,-0.49511022057716614,-2691.998770729648,-4125.904602152596,-25.80320585827094,-24.40423865685128,-3002.0296793089487,-2668.657646791757,-2646.9954217013046,209.86826112315052,-1887.0259187117838,-4108.062449698822,1.261231808901373,21573.408081279154,32.83597532665552,-361.83203550403294,-318.54145730348665,50764.72146917596,66313.9410796604,65973.85900524954,-2869.336437004817,46891.03742463304,63614.76417290814,-0.41994846289665333,16704.282345628035,736.9705642164759,-426.7732754426865,-277.23940392589395,38755.23450194855,47506.804994526676,47258.269990657966,-2223.44014430597,33592.38396413676,49351.26878758058,-1.9181299156842964,29710.43108457509,476.81873321548983,-346.3989380966852,-227.56367728914415,88277.34211637896,107224.0282869774,106429.35343601686,-2901.1909619543367,75818.8375078599,112523.50961023766,-1.3749649503411323
ppg0_SD1_SD2,0.20190353391084162,-0.2027330002234904,-0.017517627907411244,0.009093048722426592,0.5825319615829624,0.660684849301019,0.656974091672022,-0.015793445947421797,0.46717473716796243,0.757618171308498,-0.00019574807460310124,0.3761533867180207,-0.4823638335136922,0.13248158996047943,0.03355192040187297,1.2680360940820137,2.027732381332681,2.017701140539911,-0.030435873407835292,1.4338233172718842,1.4891551582016167,0.0002013114895244216,-0.019611819310652527,0.03708078413654926,0.056804615253098545,-0.0031516066157176296,0.010618283736609039,1.6588079283634525,1.653811454822823,-0.018769288021382998,1.172954334831806,-0.41994846289665333,0.0021769654395093654,0.3024023165082319,0.11453603706577847,-0.019423162867171127,-0.023570297167465032,-0.31855195750618326,-0.13046019256123578,-0.13110465982754954,-0.07552723091931285,-0.09224928683495295,-0.4729943477734325,0.0003086690441114584,0.1931757379399675,0.0693290676204694,0.061834793383244574,-0.012765110662489107,-0.6649669617994145,-0.6947510020379369,-0.7013355729731534,-0.025728926280246207,-0.49126314477717337,-0.8790305836950186,0.00020236677673687037
ppg1_Mean_NN,-5076.5162374317015,-6648.629356852927,32.153038025077784,48.496703532134795,-5251.838576418544,-7389.953884638556,-7343.89914990079,492.5146436619838,-5225.486504483792,-6440.535443847666,-0.19527740364625656,-5680.1795761590965,-7412.456101613274,194.14717987085663,46.927592221309894,-6105.75240113357,-8037.835201810557,-7980.91725382602,487.2300667693878,-5683.60777726019,-7631.074960235538,0.3607299681413342,8876.68059099936,60.33832357685937,-157.5955854310217,-262.1335740951418,13440.26451634731,18067.742788146123,17965.850137935846,-1271.5317005425484,12775.823446232465,16704.282345628035,0.3024023165082319,11150.88612451519,1405.908705364704,-350.4202031703538,-376.41954589726,15379.806213878914,19815.291851199836,19706.416270757167,-1672.1719391919457,14011.527239173938,19341.82682687051,-0.04392554050888538,13553.224576630273,456.9581338683609,-239.76566258027367,-244.9153253788863,30909.52968551789,37733.21469926465,37424.571437772145,-1435.451150572616,26681.411989817963,39344.838648823694,0.11346195169757108
ppg1_Median_NN,-851.8649847010887,-1250.4343076871342,-22.878537080606257,17.294123456640854,-716.6525367549715,-1027.4737964158685,-1020.8202349485227,86.35977430380545,-726.5336889371473,-872.7905123281745,-0.07180233803083694,-855.5586951633682,-1220.0300708540576,72.78945537691753,12.85108791220058,-796.286412865731,-1076.3655774534461,-1068.352616934964,74.6149401110919,-761.1053988531058,-987.3920961060762,0.0344093439835245,850.7907427985007,40.19964650811022,4.474451321082743,-38.77462673507061,625.3259904609594,990.0847963199833,984.363220597447,-139.38286935116142,700.0956734275628,736.9705642164759,0.11453603706577847,1405.908705364704,1511.2618119012627,-48.54122863334183,-66.04970609942129,830.5601248207388,1254.339106119513,1246.5544730319182,-208.06626793898798,886.9516878445801,995.5412239558005,0.18624477154295704,836.0651373542454,445.148143594807,7.748878023363865,-36.20926503724186,494.2029760884482,724.8035604384785,719.3339562710842,-120.79318885906433,512.513512614202,599.3756301321242,0.10475135172931951
ppg1_Heart_Rate,268.50162230948985,433.4740876247414,23.26866461037868,-1.307626541436101,242.2836706260407,355.98538381241235,353.7475610346549,-27.182843223004827,251.71967889705255,293.42594656031446,0.02081070094159892,377.7928172047998,457.3458592009819,1.2946492701950667,-6.4428519775969235,327.3535594554483,447.8216883036975,444.3686334861918,-31.678624735396394,316.657752561953,403.8922692671083,0.019399610256127357,-246.6090454998022,-12.380377828567966,183.10442208487095,9.753136584346219,-341.9381173390189,-452.94135132999975,-450.69197176207064,57.56339221244543,-320.2779010052412,-426.7732754426865,-0.019423162867171127,-350.4202031703538,-48.54122863334183,483.358699057138,14.981974432716221,-428.1486472566731,-562.7802114969246,-560.4664691995876,74.06588974908905,-397.9457038670747,-535.4300573458275,0.011777021875873747,-191.98502891587725,3.9435691295920026,177.30236729818884,8.372280750135111,-274.71987435653784,-354.4124132515273,-354.5673383107241,54.213739651557695,-250.60742074684404,-345.28690385571144,0.03145650228038878
ppg1_Mean_HR,234.98864971145588,297.70984917348983,-0.8288871124249645,-3.3199139298719254,222.33828321143199,311.8135596089387,309.804038909692,-23.067282092126757,220.48548246539627,272.90310013555063,0.010443757484362033,275.153854381769,336.0933275095097,-9.245447620626388,-2.801239099863304,299.6129355588462,401.0128634850073,398.21250518050834,-23.72054697489178,283.558915113284,372.67311051417585,-0.012111135276630706,-252.34940910972742,-3.917650849804219,6.8785818299136,11.079704622446176,-225.99364339222734,-317.6381909042392,-315.7780458053112,41.84493656636303,-224.60411875221456,-277.23940392589395,-0.023570297167465032,-376.41954589726,-66.04970609942129,14.981974432716221,16.978589984313185,-317.04700735383875,-425.8889279621629,-423.459536885779,62.322054994101066,-301.14894899431437,-394.23918406218894,-0.01614277542502123,-319.298488539057,-19.721295727709034,8.682389083149136,10.548927143070397,-480.3871044213145,-607.557169506891,-602.8910055585641,43.39879068641617,-429.60779451682737,-606.0747925057486,-0.023616728986838947
